     4 -5.221804e+01
     4 -5.220864e+01
     4 -5.219923e+01
     4 -5.218982e+01
     4 -5.218041e+01
     4 -5.217100e+01
     4 -5.216159e+01
     4 -5.215218e+01
     4 -5.135191e+01
     4 -5.134249e+01
     4 -5.130481e+01
     4 -5.129539e+01
     4 -5.128596e+01
     4 -5.127654e+01
     4 -5.126712e+01
     4 -5.124828e+01
     4 -5.094671e+01
     4 -5.093729e+01
     4 -5.089016e+01
     4 -4.994688e+01
     4 -4.993744e+01
     4 -4.989969e+01
     4 -4.989025e+01
     4 -4.947480e+01
     4 -4.946536e+01
     4 -4.945592e+01
     4 -4.944647e+01
     4 -4.943703e+01
     4 -4.942758e+01
     4 -4.941814e+01
     4 -4.940869e+01
     4 -4.939925e+01
     4 -4.906859e+01
     4 -4.903079e+01
     4 -4.901189e+01
     4 -4.900244e+01
     4 -4.899299e+01
     4 -4.877561e+01
     4 -4.876616e+01
     4 -4.875670e+01
     4 -4.874725e+01
     4 -4.753639e+01
     4 -4.752692e+01
     4 -4.669347e+01
     4 -4.668400e+01
     4 -4.667453e+01
     4 -4.666505e+01
     4 -4.663662e+01
     4 -4.662714e+01
     4 -4.661767e+01
     4 -4.645656e+01
     4 -4.643760e+01
     4 -4.638073e+01
     4 -4.637126e+01
     4 -4.636178e+01
     4 -4.635230e+01
     4 -4.634282e+01
     4 -4.633334e+01
     4 -4.632386e+01
     4 -4.631438e+01
     4 -4.630490e+01
     4 -4.617218e+01
     4 -4.615322e+01
     4 -4.564112e+01
     4 -4.563164e+01
     4 -4.555575e+01
     4 -4.553677e+01
     4 -4.538497e+01
     4 -4.537548e+01
     4 -4.533753e+01
     4 -4.532804e+01
     4 -4.528059e+01
     4 -4.527110e+01
     4 -4.526162e+01
     4 -4.525212e+01
     4 -4.524264e+01
     4 -4.523315e+01
     4 -4.522366e+01
     4 -4.521416e+01
     4 -4.520468e+01
     4 -4.519519e+01
     4 -4.510028e+01
     4 -4.509079e+01
     4 -4.508130e+01
     4 -4.506232e+01
     4 -4.502435e+01
     4 -4.501486e+01
     4 -4.500537e+01
     4 -4.496740e+01
     4 -4.495790e+01
     4 -4.494841e+01
     4 -4.493892e+01
     4 -4.492943e+01
     4 -4.483450e+01
     4 -4.482500e+01
     4 -4.481551e+01
     4 -4.469209e+01
     4 -4.464461e+01
     4 -4.463511e+01
     4 -4.462562e+01
     4 -4.451167e+01
     4 -4.450217e+01
     4 -4.446418e+01
     4 -4.445469e+01
     4 -4.443569e+01
     4 -4.441670e+01
     4 -4.440720e+01
     4 -4.439770e+01
     4 -4.438821e+01
     4 -4.437871e+01
     4 -4.432172e+01
     4 -4.431222e+01
     4 -4.430272e+01
     4 -4.429322e+01
     4 -4.428373e+01
     4 -4.427423e+01
     4 -4.426473e+01
     4 -4.425523e+01
     4 -4.424573e+01
     4 -4.420774e+01
     4 -4.419823e+01
     4 -4.418874e+01
     4 -4.415074e+01
     4 -4.414124e+01
     4 -4.413174e+01
     4 -4.412224e+01
     4 -4.411274e+01
     4 -4.408424e+01
     4 -4.406524e+01
     4 -4.405574e+01
     4 -4.359961e+01
     4 -4.359011e+01
     4 -4.358060e+01
     4 -4.357109e+01
     4 -4.356159e+01
     4 -4.350456e+01
     4 -4.349505e+01
     4 -4.348555e+01
     4 -4.347604e+01
     4 -4.344753e+01
     4 -4.343802e+01
     4 -4.342851e+01
     4 -4.336197e+01
     4 -4.330493e+01
     4 -4.329542e+01
     4 -4.328591e+01
     4 -4.327641e+01
     4 -4.326690e+01
     4 -4.325739e+01
     4 -4.324788e+01
     4 -4.323837e+01
     4 -4.322887e+01
     4 -4.318133e+01
     4 -4.317182e+01
     4 -4.316231e+01
     4 -4.312428e+01
     4 -4.311477e+01
     4 -4.310526e+01
     4 -4.309575e+01
     4 -4.308624e+01
     4 -4.307673e+01
     4 -4.306722e+01
     4 -4.305771e+01
     4 -4.304820e+01
     4 -4.303869e+01
     4 -4.302918e+01
     4 -4.299115e+01
     4 -4.298164e+01
     4 -4.297213e+01
     4 -4.296262e+01
     4 -4.292457e+01
     4 -4.291506e+01
     4 -4.290555e+01
     4 -4.286751e+01
     4 -4.285800e+01
     4 -4.280093e+01
     4 -4.279142e+01
     4 -4.278191e+01
     4 -4.277240e+01
     4 -4.276289e+01
     4 -4.275337e+01
     4 -4.274386e+01
     4 -4.273435e+01
     4 -4.272484e+01
     4 -4.271532e+01
     4 -4.235381e+01
     4 -4.234429e+01
     4 -4.233477e+01
     4 -4.232526e+01
     4 -4.229671e+01
     4 -4.228720e+01
     4 -4.227768e+01
     4 -4.226817e+01
     4 -4.225865e+01
     4 -4.224913e+01
     4 -4.223962e+01
     4 -4.222058e+01
     4 -4.221107e+01
     4 -4.220155e+01
     4 -4.219204e+01
     4 -4.214445e+01
     4 -4.213493e+01
     4 -4.188747e+01
     4 -4.187795e+01
     4 -4.183035e+01
     4 -4.182083e+01
     4 -4.181131e+01
     4 -4.177323e+01
     4 -4.176371e+01
     4 -4.175419e+01
     4 -4.174467e+01
     4 -4.173515e+01
     4 -4.172563e+01
     4 -4.171611e+01
     4 -4.170659e+01
     4 -4.169707e+01
     4 -4.168755e+01
     4 -4.151617e+01
     4 -4.150665e+01
     4 -4.149712e+01
     4 -4.148760e+01
     4 -4.147808e+01
     4 -4.143047e+01
     4 -4.142094e+01
     4 -4.141142e+01
     4 -4.090661e+01
     4 -4.089708e+01
     4 -4.084945e+01
     4 -4.083992e+01
     4 -4.083039e+01
     4 -4.082087e+01
     4 -4.081134e+01
     4 -4.079229e+01
     4 -4.078276e+01
     4 -4.077323e+01
     4 -4.076370e+01
     4 -4.075417e+01
     4 -4.070653e+01
     4 -4.069701e+01
     4 -4.064936e+01
     4 -4.063984e+01
     4 -4.063031e+01
     4 -4.062078e+01
     4 -4.061125e+01
     4 -4.060172e+01
     4 -4.059219e+01
     4 -4.058266e+01
     4 -4.057313e+01
     4 -4.056360e+01
     4 -4.038253e+01
     4 -4.037300e+01
     4 -4.036347e+01
     4 -4.031581e+01
     4 -4.030629e+01
     4 -4.029675e+01
     4 -4.028722e+01
     4 -4.027769e+01
     4 -4.026816e+01
     4 -4.024910e+01
     4 -4.023956e+01
     4 -4.023003e+01
     4 -4.022050e+01
     4 -4.019190e+01
     4 -4.018237e+01
     4 -4.017284e+01
     4 -4.012518e+01
     4 -4.011565e+01
     4 -4.010611e+01
     4 -4.009658e+01
     4 -4.008705e+01
     4 -4.006798e+01
     4 -4.005845e+01
     4 -4.004892e+01
     4 -4.003938e+01
     4 -4.002985e+01
     4 -3.992498e+01
     4 -3.989637e+01
     4 -3.988684e+01
     4 -3.977242e+01
     4 -3.976289e+01
     4 -3.972475e+01
     4 -3.971521e+01
     4 -3.970567e+01
     4 -3.969614e+01
     4 -3.968660e+01
     4 -3.967707e+01
     4 -3.964846e+01
     4 -3.963892e+01
     4 -3.904755e+01
     4 -3.898077e+01
     4 -3.897123e+01
     4 -3.896168e+01
     4 -3.895214e+01
     4 -3.894260e+01
     4 -3.892352e+01
     4 -3.891398e+01
     4 -3.884719e+01
     4 -3.883764e+01
     4 -3.878993e+01
     4 -3.837956e+01
     4 -3.837001e+01
     4 -3.817910e+01
     4 -3.816955e+01
