     2 -5.199220e+01
     2 -5.178511e+01
     2 -5.177570e+01
     2 -5.176628e+01
     2 -5.175687e+01
     2 -5.174746e+01
     2 -5.165330e+01
     2 -5.164388e+01
     2 -5.163447e+01
     2 -5.162505e+01
     2 -5.161563e+01
     2 -5.158738e+01
     2 -5.157796e+01
     2 -5.153088e+01
     2 -5.152146e+01
     2 -5.151204e+01
     2 -5.150262e+01
     2 -5.148378e+01
     2 -5.147437e+01
     2 -5.146495e+01
     2 -5.142727e+01
     2 -5.141785e+01
     2 -5.140843e+01
     2 -5.139901e+01
     2 -5.138959e+01
     2 -5.138017e+01
     2 -5.123886e+01
     2 -5.122943e+01
     2 -5.122001e+01
     2 -5.117290e+01
     2 -5.116348e+01
     2 -5.112578e+01
     2 -5.111636e+01
     2 -5.110693e+01
     2 -5.109751e+01
     2 -5.106924e+01
     2 -5.105981e+01
     2 -5.101269e+01
     2 -5.100327e+01
     2 -5.099384e+01
     2 -5.098442e+01
     2 -5.096556e+01
     2 -5.095614e+01
     2 -5.087130e+01
     2 -5.086187e+01
     2 -5.085245e+01
     2 -5.084302e+01
     2 -5.083360e+01
     2 -5.082417e+01
     2 -5.081474e+01
     2 -5.080531e+01
     2 -5.076760e+01
     2 -5.075817e+01
     2 -5.072046e+01
     2 -5.071103e+01
     2 -5.070160e+01
     2 -5.069217e+01
     2 -5.066388e+01
     2 -5.065445e+01
     2 -5.064502e+01
     2 -5.060730e+01
     2 -5.059787e+01
     2 -5.058844e+01
     2 -5.057901e+01
     2 -5.056958e+01
     2 -5.056015e+01
     2 -5.055072e+01
     2 -5.054129e+01
     2 -5.053185e+01
     2 -5.047527e+01
     2 -5.046583e+01
     2 -5.045640e+01
     2 -5.043753e+01
     2 -5.042810e+01
     2 -5.041867e+01
     2 -5.040924e+01
     2 -5.039980e+01
     2 -5.036207e+01
     2 -5.028660e+01
     2 -5.027716e+01
     2 -5.025830e+01
     2 -5.024886e+01
     2 -5.023943e+01
     2 -5.022999e+01
     2 -5.018281e+01
     2 -5.017338e+01
     2 -5.016394e+01
     2 -5.015451e+01
     2 -5.014507e+01
     2 -5.013563e+01
     2 -5.012620e+01
     2 -5.006958e+01
     2 -5.005070e+01
     2 -5.004126e+01
     2 -5.002239e+01
     2 -5.001295e+01
     2 -5.000351e+01
     2 -4.999408e+01
     2 -4.998464e+01
     2 -4.988081e+01
     2 -4.987137e+01
     2 -4.986193e+01
     2 -4.984305e+01
     2 -4.983361e+01
     2 -4.982417e+01
     2 -4.977697e+01
     2 -4.976753e+01
     2 -4.975809e+01
     2 -4.974865e+01
     2 -4.973920e+01
     2 -4.972976e+01
     2 -4.972032e+01
     2 -4.971088e+01
     2 -4.970144e+01
     2 -4.965423e+01
     2 -4.935202e+01
     2 -4.934257e+01
     2 -4.932368e+01
     2 -4.918197e+01
     2 -4.917252e+01
     2 -4.916308e+01
     2 -4.915363e+01
     2 -4.913473e+01
     2 -4.912528e+01
     2 -4.911583e+01
     2 -4.910638e+01
     2 -4.909694e+01
     2 -4.905914e+01
     2 -4.904969e+01
     2 -4.904024e+01
     2 -4.902134e+01
     2 -4.898354e+01
     2 -4.893629e+01
     2 -4.892684e+01
     2 -4.891739e+01
     2 -4.888903e+01
     2 -4.887958e+01
     2 -4.887013e+01
     2 -4.886068e+01
     2 -4.885123e+01
     2 -4.882287e+01
     2 -4.881342e+01
     2 -4.873780e+01
     2 -4.872834e+01
     2 -4.871889e+01
     2 -4.870944e+01
     2 -4.869998e+01
     2 -4.869053e+01
     2 -4.861489e+01
     2 -4.860544e+01
     2 -4.859599e+01
     2 -4.858653e+01
     2 -4.857708e+01
     2 -4.856762e+01
     2 -4.855817e+01
     2 -4.852035e+01
     2 -4.851089e+01
     2 -4.846361e+01
     2 -4.845415e+01
     2 -4.844470e+01
     2 -4.843524e+01
     2 -4.842579e+01
     2 -4.841633e+01
     2 -4.840687e+01
     2 -4.839742e+01
     2 -4.838796e+01
     2 -4.837850e+01
     2 -4.834067e+01
     2 -4.833121e+01
     2 -4.832175e+01
     2 -4.831230e+01
     2 -4.830284e+01
     2 -4.829338e+01
     2 -4.828392e+01
     2 -4.827446e+01
     2 -4.826500e+01
     2 -4.820825e+01
     2 -4.819879e+01
     2 -4.817041e+01
     2 -4.816095e+01
     2 -4.815150e+01
     2 -4.814204e+01
     2 -4.813258e+01
     2 -4.810419e+01
     2 -4.809473e+01
     2 -4.808527e+01
     2 -4.803797e+01
     2 -4.802851e+01
     2 -4.801905e+01
     2 -4.800959e+01
     2 -4.799067e+01
     2 -4.798120e+01
     2 -4.797174e+01
     2 -4.796228e+01
     2 -4.795282e+01
     2 -4.791497e+01
     2 -4.790551e+01
     2 -4.789604e+01
     2 -4.787712e+01
     2 -4.786766e+01
     2 -4.785819e+01
     2 -4.784873e+01
     2 -4.783927e+01
     2 -4.782980e+01
     2 -4.780141e+01
     2 -4.779195e+01
     2 -4.774463e+01
     2 -4.773516e+01
     2 -4.772570e+01
     2 -4.771624e+01
     2 -4.770677e+01
     2 -4.769731e+01
     2 -4.768784e+01
     2 -4.767838e+01
     2 -4.766891e+01
     2 -4.765945e+01
     2 -4.761212e+01
     2 -4.760265e+01
     2 -4.759319e+01
     2 -4.758372e+01
     2 -4.756479e+01
     2 -4.755532e+01
     2 -4.754586e+01
     2 -4.748906e+01
     2 -4.747959e+01
     2 -4.744172e+01
     2 -4.743225e+01
     2 -4.742279e+01
     2 -4.741332e+01
     2 -4.740385e+01
     2 -4.738491e+01
     2 -4.737545e+01
     2 -4.736598e+01
     2 -4.735651e+01
     2 -4.734704e+01
     2 -4.731863e+01
     2 -4.730917e+01
     2 -4.729970e+01
     2 -4.729023e+01
     2 -4.728076e+01
     2 -4.726182e+01
     2 -4.725235e+01
     2 -4.724288e+01
     2 -4.723341e+01
     2 -4.722394e+01
     2 -4.718606e+01
     2 -4.717659e+01
     2 -4.713871e+01
     2 -4.712924e+01
     2 -4.711977e+01
     2 -4.711029e+01
     2 -4.710082e+01
     2 -4.708188e+01
     2 -4.707241e+01
     2 -4.706294e+01
     2 -4.705347e+01
     2 -4.704399e+01
     2 -4.700611e+01
     2 -4.699664e+01
     2 -4.698716e+01
     2 -4.697769e+01
     2 -4.696822e+01
     2 -4.695875e+01
     2 -4.694927e+01
     2 -4.693980e+01
     2 -4.693033e+01
     2 -4.692086e+01
     2 -4.687349e+01
     2 -4.686402e+01
     2 -4.683559e+01
     2 -4.682612e+01
     2 -4.681665e+01
     2 -4.680717e+01
     2 -4.679770e+01
     2 -4.678822e+01
     2 -4.676928e+01
     2 -4.675980e+01
     2 -4.675032e+01
     2 -4.670295e+01
     2 -4.657029e+01
     2 -4.656081e+01
     2 -4.652290e+01
     2 -4.651342e+01
     2 -4.650395e+01
     2 -4.649447e+01
     2 -4.648499e+01
     2 -4.646604e+01
     2 -4.644708e+01
     2 -4.639021e+01
     2 -4.621959e+01
     2 -4.621011e+01
     2 -4.620063e+01
     2 -4.619115e+01
     2 -4.618166e+01
     2 -4.595411e+01
     2 -4.594462e+01
     2 -4.590669e+01
     2 -4.589721e+01
     2 -4.588772e+01
     2 -4.587824e+01
     2 -4.586876e+01
     2 -4.584979e+01
     2 -4.584031e+01
     2 -4.583082e+01
     2 -4.582133e+01
     2 -4.581185e+01
     2 -4.577391e+01
     2 -4.576443e+01
     2 -4.575495e+01
     2 -4.574546e+01
     2 -4.573598e+01
     2 -4.571701e+01
     2 -4.570752e+01
     2 -4.569804e+01
     2 -4.568855e+01
     2 -4.567907e+01
     2 -4.560318e+01
     2 -4.559369e+01
     2 -4.558421e+01
     2 -4.557472e+01
     2 -4.556523e+01
     2 -4.552729e+01
     2 -4.551780e+01
     2 -4.549883e+01
     2 -4.546088e+01
     2 -4.545139e+01
     2 -4.544190e+01
     2 -4.543241e+01
     2 -4.536599e+01
     2 -4.491044e+01
     2 -4.490095e+01
     2 -4.489146e+01
     2 -4.488197e+01
     2 -4.487247e+01
     2 -4.475854e+01
     2 -4.474905e+01
     2 -4.473956e+01
     2 -4.472057e+01
     2 -4.471107e+01
     2 -4.470158e+01
     2 -4.461612e+01
     2 -4.460663e+01
     2 -4.459713e+01
     2 -4.458764e+01
     2 -4.457814e+01
     2 -4.456865e+01
     2 -4.455915e+01
     2 -4.444519e+01
     2 -4.442620e+01
     2 -4.409374e+01
     2 -4.407474e+01
     2 -4.400823e+01
     2 -4.399873e+01
     2 -4.398923e+01
     2 -4.396073e+01
     2 -4.395123e+01
     2 -4.394172e+01
     2 -4.393222e+01
     2 -4.392272e+01
     2 -4.389421e+01
     2 -4.388471e+01
     2 -4.387521e+01
     2 -4.386571e+01
     2 -4.382770e+01
     2 -4.381820e+01
     2 -4.380869e+01
     2 -4.379919e+01
     2 -4.378969e+01
     2 -4.378018e+01
     2 -4.377068e+01
     2 -4.376118e+01
     2 -4.375167e+01
     2 -4.374217e+01
     2 -4.373267e+01
     2 -4.369465e+01
     2 -4.368515e+01
     2 -4.363763e+01
     2 -4.362812e+01
     2 -4.361862e+01
     2 -4.360912e+01
     2 -4.355209e+01
     2 -4.293409e+01
     2 -4.289604e+01
     2 -4.270581e+01
     2 -4.266776e+01
     2 -4.265825e+01
     2 -4.264874e+01
     2 -4.262020e+01
     2 -4.261069e+01
     2 -4.260117e+01
     2 -4.259166e+01
     2 -4.258215e+01
     2 -4.257263e+01
     2 -4.255360e+01
     2 -4.254409e+01
     2 -4.253458e+01
     2 -4.252507e+01
     2 -4.251555e+01
     2 -4.246798e+01
     2 -4.245847e+01
     2 -4.244895e+01
     2 -4.242992e+01
     2 -4.242041e+01
     2 -4.241090e+01
     2 -4.240138e+01
     2 -4.239186e+01
     2 -4.238235e+01
     2 -4.223010e+01
     2 -4.208735e+01
     2 -4.207783e+01
     2 -4.206831e+01
     2 -4.205880e+01
     2 -4.204928e+01
     2 -4.203976e+01
     2 -4.203024e+01
     2 -4.202073e+01
     2 -4.201121e+01
     2 -4.196362e+01
     2 -4.195410e+01
     2 -4.194458e+01
     2 -4.193506e+01
     2 -4.192554e+01
     2 -4.191602e+01
     2 -4.190651e+01
     2 -4.189698e+01
     2 -4.186843e+01
     2 -4.185891e+01
     2 -4.183987e+01
     2 -4.167803e+01
     2 -4.166851e+01
     2 -4.163043e+01
     2 -4.162091e+01
     2 -4.161139e+01
     2 -4.157330e+01
     2 -4.156378e+01
     2 -4.155426e+01
     2 -4.154473e+01
     2 -4.153521e+01
     2 -4.152569e+01
     2 -4.138285e+01
     2 -4.137333e+01
     2 -4.136381e+01
     2 -4.135428e+01
     2 -4.134476e+01
     2 -4.133524e+01
     2 -4.132571e+01
     2 -4.131619e+01
     2 -4.130667e+01
     2 -4.129714e+01
     2 -4.128762e+01
     2 -4.127810e+01
     2 -4.124000e+01
     2 -4.123048e+01
     2 -4.122095e+01
     2 -4.121143e+01
     2 -4.118285e+01
     2 -4.117333e+01
     2 -4.116380e+01
     2 -4.115428e+01
     2 -4.114476e+01
     2 -4.113523e+01
     2 -4.111618e+01
     2 -4.110666e+01
     2 -4.109713e+01
     2 -4.108760e+01
     2 -4.104950e+01
     2 -4.103998e+01
     2 -4.103045e+01
     2 -4.102092e+01
     2 -4.101140e+01
     2 -4.100187e+01
     2 -4.099235e+01
     2 -4.098282e+01
     2 -4.097330e+01
     2 -4.096377e+01
     2 -4.095424e+01
     2 -4.051595e+01
     2 -4.050642e+01
     2 -4.049689e+01
     2 -4.048737e+01
     2 -4.045877e+01
     2 -4.044925e+01
     2 -4.043972e+01
     2 -4.043018e+01
     2 -4.042065e+01
     2 -4.039206e+01
     2 -4.025863e+01
     2 -3.998218e+01
     2 -3.997265e+01
     2 -3.991544e+01
     2 -3.990591e+01
     2 -3.982010e+01
     2 -3.966753e+01
     2 -3.965800e+01
     2 -3.962939e+01
     2 -3.958171e+01
     2 -3.957217e+01
     2 -3.956263e+01
     2 -3.955310e+01
     2 -3.952449e+01
     2 -3.951495e+01
     2 -3.950541e+01
     2 -3.949587e+01
     2 -3.948634e+01
     2 -3.947680e+01
     2 -3.946726e+01
     2 -3.945773e+01
     2 -3.944818e+01
     2 -3.943865e+01
     2 -3.942911e+01
     2 -3.938142e+01
     2 -3.937188e+01
     2 -3.936235e+01
     2 -3.935281e+01
     2 -3.932419e+01
     2 -3.931466e+01
     2 -3.930511e+01
     2 -3.929558e+01
     2 -3.928604e+01
     2 -3.925742e+01
     2 -3.924788e+01
     2 -3.923834e+01
     2 -3.922881e+01
     2 -3.919065e+01
     2 -3.918111e+01
     2 -3.917157e+01
     2 -3.908571e+01
     2 -3.816000e+01
     2 -3.815046e+01
     2 -3.814091e+01
     2 -3.813136e+01
     2 -3.812182e+01
     2 -3.811227e+01
     2 -3.810272e+01
     2 -3.809318e+01
     2 -3.808363e+01
     2 -3.807408e+01
     2 -3.806453e+01
     2 -3.802634e+01
     2 -3.801680e+01
     2 -3.800725e+01
     2 -3.796906e+01
     2 -3.795951e+01
     2 -3.794996e+01
     2 -3.794041e+01
     2 -3.793087e+01
     2 -3.792132e+01
     2 -3.791177e+01
     2 -3.790222e+01
     2 -3.789267e+01
     2 -3.788313e+01
     2 -3.787358e+01
     2 -3.782584e+01
     2 -3.781628e+01
     2 -3.780674e+01
     2 -3.776854e+01
     2 -3.775899e+01
     2 -3.774944e+01
     2 -3.773989e+01
     2 -3.773034e+01
     2 -3.772079e+01
     2 -3.771124e+01
     2 -3.770169e+01
     2 -3.769215e+01
     2 -3.768259e+01
     2 -3.761575e+01
     2 -3.760619e+01
     2 -3.759665e+01
     2 -3.755844e+01
     2 -3.754889e+01
     2 -3.753934e+01
     2 -3.752024e+01
     2 -3.750114e+01
     2 -3.749158e+01
     2 -3.748204e+01
     2 -3.747248e+01
     2 -3.746293e+01
     2 -3.745338e+01
     2 -3.740562e+01
     2 -3.739607e+01
     2 -3.738652e+01
     2 -3.736742e+01
     2 -3.735786e+01
     2 -3.734831e+01
     2 -3.733876e+01
     2 -3.732921e+01
     2 -3.731966e+01
     2 -3.728145e+01
     2 -3.727190e+01
     2 -3.726234e+01
     2 -3.725279e+01
     2 -3.720503e+01
     2 -3.719547e+01
     2 -3.718592e+01
     2 -3.714771e+01
     2 -3.713816e+01
     2 -3.712860e+01
     2 -3.711905e+01
     2 -3.709994e+01
     2 -3.709039e+01
     2 -3.708083e+01
     2 -3.707128e+01
     2 -3.706173e+01
     2 -3.699485e+01
     2 -3.698529e+01
     2 -3.697574e+01
     2 -3.694707e+01
     2 -3.693752e+01
     2 -3.692797e+01
     2 -3.691841e+01
     2 -3.690886e+01
     2 -3.689930e+01
     2 -3.687064e+01
     2 -3.686108e+01
     2 -3.685153e+01
     2 -3.684197e+01
     2 -3.683242e+01
     2 -3.679419e+01
     2 -3.673686e+01
     2 -3.672730e+01
     2 -3.671775e+01
     2 -3.670819e+01
     2 -3.669864e+01
     2 -3.668908e+01
     2 -3.667952e+01
     2 -3.666997e+01
     2 -3.666041e+01
     2 -3.665085e+01
     2 -3.664130e+01
     2 -3.663174e+01
     2 -3.658396e+01
     2 -3.657440e+01
     2 -3.656484e+01
     2 -3.652662e+01
     2 -3.651706e+01
     2 -3.650750e+01
     2 -3.649794e+01
     2 -3.648838e+01
     2 -3.635457e+01
     2 -3.630678e+01
     2 -3.629722e+01
     2 -3.628766e+01
     2 -3.627810e+01
     2 -3.626854e+01
     2 -3.625899e+01
     2 -3.624943e+01
     2 -3.623987e+01
     2 -3.615383e+01
     2 -3.614427e+01
     2 -3.609647e+01
     2 -3.608691e+01
     2 -3.607735e+01
     2 -3.606779e+01
     2 -3.605824e+01
     2 -3.604867e+01
     2 -3.603911e+01
     2 -3.602955e+01
     2 -3.601999e+01
     2 -3.601043e+01
     2 -3.600087e+01
     2 -3.595307e+01
     2 -3.594351e+01
     2 -3.593394e+01
     2 -3.587658e+01
     2 -3.586702e+01
     2 -3.585746e+01
     2 -3.584790e+01
     2 -3.582877e+01
     2 -3.564709e+01
     2 -3.563753e+01
     2 -3.562796e+01
     2 -3.561840e+01
     2 -3.560884e+01
     2 -3.559927e+01
     2 -3.558015e+01
     2 -3.554190e+01
     2 -3.553233e+01
     2 -3.544626e+01
     2 -3.543670e+01
     2 -3.542713e+01
     2 -3.540800e+01
     2 -3.539844e+01
     2 -3.538887e+01
     2 -3.537931e+01
     2 -3.525497e+01
     2 -3.524540e+01
     2 -3.523584e+01
     2 -3.522627e+01
     2 -3.521671e+01
     2 -3.514975e+01
     2 -3.513062e+01
     2 -3.512105e+01
     2 -3.511148e+01
     2 -3.510192e+01
     2 -3.509235e+01
     2 -3.508279e+01
     2 -3.504452e+01
     2 -3.503495e+01
     2 -3.498712e+01
     2 -3.497755e+01
     2 -3.496799e+01
     2 -3.491058e+01
     2 -3.490102e+01
     2 -3.488188e+01
     2 -3.487231e+01
