     5 -5.352447e+01
     5 -5.351508e+01
     5 -5.349630e+01
     5 -5.348691e+01
     5 -5.347752e+01
     5 -5.346814e+01
     5 -5.345874e+01
     5 -5.342118e+01
     5 -5.341179e+01
     5 -5.337423e+01
     5 -5.336484e+01
     5 -5.335545e+01
     5 -5.334606e+01
     5 -5.331788e+01
     5 -5.330849e+01
     5 -5.325213e+01
     5 -5.324274e+01
     5 -5.323335e+01
     5 -5.319577e+01
     5 -5.313941e+01
     5 -5.313001e+01
     5 -5.312062e+01
     5 -5.311122e+01
     5 -5.309243e+01
     5 -5.308303e+01
     5 -5.307364e+01
     5 -5.306424e+01
     5 -5.301726e+01
     5 -5.300787e+01
     5 -5.297968e+01
     5 -5.297028e+01
     5 -5.296088e+01
     5 -5.295148e+01
     5 -5.294209e+01
     5 -5.290449e+01
     5 -5.286690e+01
     5 -5.285750e+01
     5 -5.284810e+01
     5 -5.283870e+01
     5 -5.282930e+01
     5 -5.281050e+01
     5 -5.280110e+01
     5 -5.279170e+01
     5 -5.273530e+01
     5 -5.272590e+01
     5 -5.271650e+01
     5 -5.270710e+01
     5 -5.269770e+01
     5 -5.268829e+01
     5 -5.267889e+01
     5 -5.266949e+01
     5 -5.262248e+01
     5 -5.261308e+01
     5 -5.260368e+01
     5 -5.259427e+01
     5 -5.257547e+01
     5 -5.256606e+01
     5 -5.255666e+01
     5 -5.254726e+01
     5 -5.250024e+01
     5 -5.249083e+01
     5 -5.246262e+01
     5 -5.245321e+01
     5 -5.244381e+01
     5 -5.243440e+01
     5 -5.239678e+01
     5 -5.238737e+01
     5 -5.234034e+01
     5 -5.233094e+01
     5 -5.232153e+01
     5 -5.231212e+01
     5 -5.229331e+01
     5 -5.228390e+01
     5 -5.227449e+01
     5 -5.210513e+01
     5 -5.209572e+01
     5 -5.208631e+01
     5 -5.205808e+01
     5 -5.204867e+01
     5 -5.203926e+01
     5 -5.202985e+01
     5 -5.198279e+01
     5 -5.194514e+01
     5 -5.193573e+01
     5 -5.192632e+01
     5 -5.191691e+01
     5 -5.190749e+01
     5 -5.188867e+01
     5 -5.187925e+01
     5 -5.186984e+01
     5 -5.182277e+01
     5 -5.181336e+01
     5 -5.180394e+01
     5 -5.179453e+01
     5 -5.170038e+01
     5 -5.169096e+01
     5 -5.168155e+01
     5 -5.166272e+01
     5 -5.137075e+01
     5 -5.136133e+01
     5 -5.088073e+01
     5 -5.035264e+01
     5 -5.031490e+01
     5 -5.030547e+01
     5 -5.029604e+01
     5 -5.011676e+01
     5 -5.006014e+01
     5 -4.964479e+01
     5 -4.963534e+01
     5 -4.960701e+01
     5 -4.959757e+01
     5 -4.958813e+01
     5 -4.957869e+01
     5 -4.956924e+01
     5 -4.954091e+01
     5 -4.953147e+01
     5 -4.936146e+01
     5 -4.933313e+01
     5 -4.930479e+01
     5 -4.929534e+01
     5 -4.928589e+01
     5 -4.927645e+01
     5 -4.922921e+01
     5 -4.863380e+01
     5 -4.862435e+01
     5 -4.665557e+01
     5 -4.664610e+01
     5 -4.625751e+01
     5 -4.624803e+01
     5 -4.614374e+01
     5 -4.613426e+01
     5 -4.612478e+01
     5 -4.611530e+01
     5 -4.608686e+01
     5 -4.607737e+01
     5 -4.606789e+01
     5 -4.605841e+01
     5 -4.604893e+01
     5 -4.603945e+01
     5 -4.602996e+01
     5 -4.602048e+01
     5 -4.601100e+01
     5 -4.600152e+01
     5 -4.550831e+01
     5 -4.541344e+01
     5 -4.540395e+01
     5 -4.539446e+01
     5 -4.514774e+01
     5 -4.513824e+01
     5 -4.512875e+01
     5 -4.511926e+01
     5 -4.507181e+01
     5 -4.477753e+01
     5 -4.476804e+01
     5 -4.341901e+01
     5 -4.340950e+01
     5 -4.338098e+01
     5 -4.337148e+01
     5 -4.331443e+01
     5 -3.987730e+01
     5 -3.986777e+01
     5 -3.985824e+01
     5 -3.984870e+01
     5 -3.983917e+01
     5 -3.982963e+01
