     4 -5.307364e+01
     4 -5.306424e+01
     4 -5.301726e+01
     4 -5.295148e+01
     4 -5.294209e+01
     4 -5.290449e+01
     4 -5.286690e+01
     4 -5.285750e+01
     4 -5.284810e+01
     4 -5.282930e+01
     4 -5.281050e+01
     4 -5.280110e+01
     4 -5.279170e+01
     4 -5.273530e+01
     4 -5.272590e+01
     4 -5.271650e+01
     4 -5.270710e+01
     4 -5.269770e+01
     4 -5.268829e+01
     4 -5.267889e+01
     4 -5.266949e+01
     4 -5.261308e+01
     4 -5.260368e+01
     4 -5.259427e+01
     4 -5.245321e+01
     4 -5.244381e+01
     4 -5.243440e+01
     4 -5.232153e+01
     4 -5.231212e+01
     4 -5.229331e+01
     4 -5.228390e+01
     4 -5.227449e+01
     4 -5.221804e+01
     4 -5.220864e+01
     4 -5.219923e+01
     4 -5.218982e+01
     4 -5.218041e+01
     4 -5.217100e+01
     4 -5.216159e+01
     4 -5.215218e+01
     4 -5.210513e+01
     4 -5.209572e+01
     4 -5.208631e+01
     4 -5.205808e+01
     4 -5.204867e+01
     4 -5.203926e+01
     4 -5.202985e+01
     4 -5.199220e+01
     4 -5.198279e+01
     4 -5.194514e+01
     4 -5.193573e+01
     4 -5.192632e+01
     4 -5.191691e+01
     4 -5.190749e+01
     4 -5.188867e+01
     4 -5.187925e+01
     4 -5.186984e+01
     4 -5.182277e+01
     4 -5.181336e+01
     4 -5.180394e+01
     4 -5.179453e+01
     4 -5.178511e+01
     4 -5.177570e+01
     4 -5.176628e+01
     4 -5.175687e+01
     4 -5.174746e+01
     4 -5.170038e+01
     4 -5.169096e+01
     4 -5.168155e+01
     4 -5.166272e+01
     4 -5.165330e+01
     4 -5.164388e+01
     4 -5.163447e+01
     4 -5.137075e+01
     4 -5.136133e+01
     4 -5.135191e+01
     4 -5.134249e+01
     4 -5.130481e+01
     4 -5.129539e+01
     4 -5.128596e+01
     4 -5.127654e+01
     4 -5.126712e+01
     4 -5.124828e+01
     4 -5.123886e+01
     4 -5.122943e+01
     4 -5.122001e+01
     4 -5.094671e+01
     4 -5.093729e+01
     4 -5.089016e+01
     4 -5.088073e+01
     4 -5.087130e+01
     4 -5.084302e+01
     4 -5.083360e+01
     4 -5.035264e+01
     4 -5.031490e+01
     4 -5.030547e+01
     4 -5.029604e+01
     4 -5.016394e+01
     4 -5.015451e+01
     4 -5.014507e+01
     4 -5.012620e+01
     4 -5.011676e+01
     4 -5.006958e+01
     4 -5.006014e+01
     4 -4.994688e+01
     4 -4.993744e+01
     4 -4.989969e+01
     4 -4.989025e+01
     4 -4.975809e+01
     4 -4.974865e+01
     4 -4.973920e+01
     4 -4.965423e+01
     4 -4.964479e+01
     4 -4.963534e+01
     4 -4.960701e+01
     4 -4.959757e+01
     4 -4.958813e+01
     4 -4.957869e+01
     4 -4.956924e+01
     4 -4.954091e+01
     4 -4.953147e+01
     4 -4.947480e+01
     4 -4.946536e+01
     4 -4.945592e+01
     4 -4.944647e+01
     4 -4.943703e+01
     4 -4.942758e+01
     4 -4.941814e+01
     4 -4.940869e+01
     4 -4.939925e+01
     4 -4.936146e+01
     4 -4.935202e+01
     4 -4.934257e+01
     4 -4.933313e+01
     4 -4.932368e+01
     4 -4.930479e+01
     4 -4.929534e+01
     4 -4.928589e+01
     4 -4.927645e+01
     4 -4.922921e+01
     4 -4.906859e+01
     4 -4.904024e+01
     4 -4.903079e+01
     4 -4.902134e+01
     4 -4.901189e+01
     4 -4.900244e+01
     4 -4.899299e+01
     4 -4.877561e+01
     4 -4.876616e+01
     4 -4.875670e+01
     4 -4.874725e+01
     4 -4.873780e+01
     4 -4.863380e+01
     4 -4.862435e+01
     4 -4.861489e+01
     4 -4.810419e+01
     4 -4.760265e+01
     4 -4.756479e+01
     4 -4.755532e+01
     4 -4.754586e+01
     4 -4.753639e+01
     4 -4.752692e+01
     4 -4.734704e+01
     4 -4.670295e+01
     4 -4.669347e+01
     4 -4.668400e+01
     4 -4.667453e+01
     4 -4.666505e+01
     4 -4.665557e+01
     4 -4.664610e+01
     4 -4.663662e+01
     4 -4.662714e+01
     4 -4.661767e+01
     4 -4.657029e+01
     4 -4.646604e+01
     4 -4.645656e+01
     4 -4.644708e+01
     4 -4.643760e+01
     4 -4.639021e+01
     4 -4.638073e+01
     4 -4.637126e+01
     4 -4.636178e+01
     4 -4.635230e+01
     4 -4.634282e+01
     4 -4.633334e+01
     4 -4.632386e+01
     4 -4.631438e+01
     4 -4.630490e+01
     4 -4.625751e+01
     4 -4.624803e+01
     4 -4.621959e+01
     4 -4.617218e+01
     4 -4.615322e+01
     4 -4.614374e+01
     4 -4.613426e+01
     4 -4.612478e+01
     4 -4.611530e+01
     4 -4.608686e+01
     4 -4.607737e+01
     4 -4.606789e+01
     4 -4.605841e+01
     4 -4.604893e+01
     4 -4.603945e+01
     4 -4.602996e+01
     4 -4.602048e+01
     4 -4.601100e+01
     4 -4.600152e+01
     4 -4.594462e+01
     4 -4.571701e+01
     4 -4.570752e+01
     4 -4.569804e+01
     4 -4.568855e+01
     4 -4.567907e+01
     4 -4.564112e+01
     4 -4.563164e+01
     4 -4.555575e+01
     4 -4.553677e+01
     4 -4.552729e+01
     4 -4.551780e+01
     4 -4.550831e+01
     4 -4.546088e+01
     4 -4.543241e+01
     4 -4.541344e+01
     4 -4.540395e+01
     4 -4.539446e+01
     4 -4.538497e+01
     4 -4.537548e+01
     4 -4.536599e+01
     4 -4.533753e+01
     4 -4.532804e+01
     4 -4.528059e+01
     4 -4.527110e+01
     4 -4.526162e+01
     4 -4.525212e+01
     4 -4.524264e+01
     4 -4.523315e+01
     4 -4.522366e+01
     4 -4.521416e+01
     4 -4.520468e+01
     4 -4.519519e+01
     4 -4.514774e+01
     4 -4.513824e+01
     4 -4.512875e+01
     4 -4.511926e+01
     4 -4.510028e+01
     4 -4.509079e+01
     4 -4.508130e+01
     4 -4.507181e+01
     4 -4.506232e+01
     4 -4.502435e+01
     4 -4.501486e+01
     4 -4.500537e+01
     4 -4.496740e+01
     4 -4.495790e+01
     4 -4.494841e+01
     4 -4.493892e+01
     4 -4.492943e+01
     4 -4.491044e+01
     4 -4.490095e+01
     4 -4.483450e+01
     4 -4.482500e+01
     4 -4.481551e+01
     4 -4.477753e+01
     4 -4.476804e+01
     4 -4.475854e+01
     4 -4.474905e+01
     4 -4.469209e+01
     4 -4.462562e+01
     4 -4.451167e+01
     4 -4.450217e+01
     4 -4.446418e+01
     4 -4.445469e+01
     4 -4.444519e+01
     4 -4.443569e+01
     4 -4.442620e+01
     4 -4.441670e+01
     4 -4.440720e+01
     4 -4.439770e+01
     4 -4.438821e+01
     4 -4.437871e+01
     4 -4.432172e+01
     4 -4.431222e+01
     4 -4.428373e+01
     4 -4.427423e+01
     4 -4.426473e+01
     4 -4.425523e+01
     4 -4.424573e+01
     4 -4.420774e+01
     4 -4.419823e+01
     4 -4.418874e+01
     4 -4.415074e+01
     4 -4.414124e+01
     4 -4.413174e+01
     4 -4.412224e+01
     4 -4.411274e+01
     4 -4.408424e+01
     4 -4.407474e+01
     4 -4.406524e+01
     4 -4.405574e+01
     4 -4.360912e+01
     4 -4.359961e+01
     4 -4.359011e+01
     4 -4.358060e+01
     4 -4.357109e+01
     4 -4.356159e+01
     4 -4.355209e+01
     4 -4.350456e+01
     4 -4.349505e+01
     4 -4.348555e+01
     4 -4.347604e+01
     4 -4.344753e+01
     4 -4.343802e+01
     4 -4.342851e+01
     4 -4.341901e+01
     4 -4.340950e+01
     4 -4.338098e+01
     4 -4.337148e+01
     4 -4.336197e+01
     4 -4.331443e+01
     4 -4.330493e+01
     4 -4.329542e+01
     4 -4.328591e+01
     4 -4.327641e+01
     4 -4.326690e+01
     4 -4.325739e+01
     4 -4.324788e+01
     4 -4.323837e+01
     4 -4.322887e+01
     4 -4.318133e+01
     4 -4.317182e+01
     4 -4.316231e+01
     4 -4.312428e+01
     4 -4.311477e+01
     4 -4.310526e+01
     4 -4.309575e+01
     4 -4.308624e+01
     4 -4.307673e+01
     4 -4.306722e+01
     4 -4.305771e+01
     4 -4.304820e+01
     4 -4.303869e+01
     4 -4.302918e+01
     4 -4.299115e+01
     4 -4.298164e+01
     4 -4.297213e+01
     4 -4.296262e+01
     4 -4.293409e+01
     4 -4.292457e+01
     4 -4.291506e+01
     4 -4.290555e+01
     4 -4.289604e+01
     4 -4.286751e+01
     4 -4.285800e+01
     4 -4.280093e+01
     4 -4.279142e+01
     4 -4.278191e+01
     4 -4.277240e+01
     4 -4.276289e+01
     4 -4.275337e+01
     4 -4.274386e+01
     4 -4.273435e+01
     4 -4.272484e+01
     4 -4.271532e+01
     4 -4.270581e+01
     4 -4.241090e+01
     4 -4.240138e+01
     4 -4.238235e+01
     4 -4.235381e+01
     4 -4.234429e+01
     4 -4.233477e+01
     4 -4.232526e+01
     4 -4.229671e+01
     4 -4.228720e+01
     4 -4.227768e+01
     4 -4.226817e+01
     4 -4.225865e+01
     4 -4.224913e+01
     4 -4.223962e+01
     4 -4.223010e+01
     4 -4.222058e+01
     4 -4.221107e+01
     4 -4.220155e+01
     4 -4.219204e+01
     4 -4.214445e+01
     4 -4.213493e+01
     4 -4.190651e+01
     4 -4.189698e+01
     4 -4.188747e+01
     4 -4.187795e+01
     4 -4.186843e+01
     4 -4.185891e+01
     4 -4.183987e+01
     4 -4.172563e+01
     4 -4.171611e+01
     4 -4.170659e+01
     4 -4.169707e+01
     4 -4.168755e+01
     4 -4.167803e+01
     4 -4.151617e+01
     4 -4.150665e+01
     4 -4.149712e+01
     4 -4.148760e+01
     4 -4.147808e+01
     4 -4.143047e+01
     4 -4.142094e+01
     4 -4.141142e+01
     4 -4.097330e+01
     4 -4.096377e+01
     4 -4.095424e+01
     4 -4.090661e+01
     4 -4.089708e+01
     4 -4.084945e+01
     4 -4.083992e+01
     4 -4.083039e+01
     4 -4.082087e+01
     4 -4.081134e+01
     4 -4.079229e+01
     4 -4.078276e+01
     4 -4.076370e+01
     4 -4.063031e+01
     4 -4.060172e+01
     4 -4.059219e+01
     4 -4.058266e+01
     4 -4.038253e+01
     4 -4.037300e+01
     4 -4.036347e+01
     4 -4.031581e+01
     4 -4.030629e+01
     4 -4.029675e+01
     4 -4.028722e+01
     4 -4.027769e+01
     4 -4.026816e+01
     4 -4.024910e+01
     4 -4.023956e+01
     4 -4.023003e+01
     4 -4.022050e+01
     4 -4.019190e+01
     4 -4.018237e+01
     4 -4.017284e+01
     4 -4.012518e+01
     4 -4.011565e+01
     4 -4.010611e+01
     4 -4.009658e+01
     4 -4.008705e+01
     4 -4.006798e+01
     4 -4.005845e+01
     4 -4.004892e+01
     4 -4.003938e+01
     4 -4.002985e+01
     4 -3.998218e+01
     4 -3.992498e+01
     4 -3.989637e+01
     4 -3.988684e+01
     4 -3.987730e+01
     4 -3.972475e+01
     4 -3.971521e+01
     4 -3.970567e+01
     4 -3.969614e+01
     4 -3.968660e+01
     4 -3.967707e+01
     4 -3.965800e+01
     4 -3.964846e+01
     4 -3.963892e+01
     4 -3.898077e+01
     4 -3.897123e+01
     4 -3.894260e+01
     4 -3.893306e+01
     4 -3.862771e+01
     4 -3.847501e+01
     4 -3.843682e+01
     4 -3.842728e+01
     4 -3.841774e+01
     4 -3.837956e+01
     4 -3.837001e+01
     4 -3.836047e+01
     4 -3.835092e+01
     4 -3.834138e+01
     4 -3.833183e+01
     4 -3.832228e+01
     4 -3.831274e+01
     4 -3.830320e+01
     4 -3.829365e+01
     4 -3.828410e+01
