     3 -5.283870e+01
     3 -5.262248e+01
     3 -5.257547e+01
     3 -5.256606e+01
     3 -5.255666e+01
     3 -5.254726e+01
     3 -5.250024e+01
     3 -5.249083e+01
     3 -5.246262e+01
     3 -5.239678e+01
     3 -5.238737e+01
     3 -5.234034e+01
     3 -5.233094e+01
     3 -4.464461e+01
     3 -4.463511e+01
     3 -4.430272e+01
     3 -4.429322e+01
     3 -4.077323e+01
     3 -4.075417e+01
     3 -4.070653e+01
     3 -4.069701e+01
     3 -4.064936e+01
     3 -4.063984e+01
     3 -4.062078e+01
     3 -4.061125e+01
     3 -4.057313e+01
     3 -4.056360e+01
     3 -3.904755e+01
     3 -3.902847e+01
     3 -3.896168e+01
     3 -3.895214e+01
     3 -3.892352e+01
     3 -3.891398e+01
     3 -3.890443e+01
     3 -3.889489e+01
     3 -3.888535e+01
     3 -3.887581e+01
     3 -3.878993e+01
     3 -3.876131e+01
     3 -3.875176e+01
     3 -3.874222e+01
     3 -3.873268e+01
     3 -3.872314e+01
     3 -3.871359e+01
     3 -3.870405e+01
     3 -3.869451e+01
     3 -3.868497e+01
     3 -3.867542e+01
     3 -3.863725e+01
     3 -3.861816e+01
     3 -3.857999e+01
     3 -3.857045e+01
     3 -3.856090e+01
     3 -3.855136e+01
     3 -3.854181e+01
     3 -3.853227e+01
     3 -3.852272e+01
     3 -3.851318e+01
     3 -3.850364e+01
     3 -3.849409e+01
     3 -3.848455e+01
     3 -3.823637e+01
     3 -3.822683e+01
     3 -3.821728e+01
     3 -3.817910e+01
     3 -3.816955e+01
     3 -3.816000e+01
