     2 4.911682e+01
     2 4.912630e+01
     2 4.913578e+01
     2 4.970461e+01
     2 4.971408e+01
     2 5.307087e+01
     2 5.308031e+01
     2 5.308974e+01
     2 5.309917e+01
     2 5.310860e+01
     2 5.348579e+01
     2 5.349521e+01
     2 5.350464e+01
     2 5.358947e+01
     2 5.375910e+01
     2 5.376852e+01
     2 5.377795e+01
     2 5.389100e+01
     2 5.390042e+01
     2 5.416413e+01
     2 5.417355e+01
     2 5.423005e+01
     2 5.424887e+01
     2 5.426770e+01
     2 5.427712e+01
     2 5.433360e+01
     2 5.434301e+01
     2 5.435243e+01
     2 5.436184e+01
     2 5.437125e+01
     2 5.438067e+01
     2 5.439008e+01
     2 5.439949e+01
     2 5.440891e+01
     2 5.447479e+01
     2 5.449361e+01
     2 5.450302e+01
     2 5.451243e+01
     2 5.452184e+01
     2 5.485111e+01
     2 5.486052e+01
     2 5.511438e+01
     2 5.512379e+01
     2 5.513319e+01
     2 5.514259e+01
     2 5.515199e+01
     2 5.518959e+01
     2 5.522718e+01
     2 5.523658e+01
     2 5.528357e+01
     2 5.529296e+01
     2 5.534935e+01
     2 5.535874e+01
     2 5.536814e+01
     2 5.537754e+01
     2 5.538693e+01
     2 5.539633e+01
     2 5.540572e+01
     2 5.547149e+01
     2 5.548088e+01
     2 5.564056e+01
     2 5.568751e+01
     2 5.569690e+01
     2 5.573446e+01
     2 5.574385e+01
     2 5.575324e+01
     2 5.576263e+01
     2 5.580018e+01
     2 5.599730e+01
     2 5.600668e+01
     2 5.623186e+01
     2 5.630690e+01
     2 5.633504e+01
     2 5.634442e+01
     2 5.635380e+01
     2 5.636317e+01
     2 5.646632e+01
     2 5.647570e+01
     2 5.651320e+01
     2 5.656007e+01
     2 5.656945e+01
     2 5.657882e+01
     2 5.658819e+01
     2 5.663506e+01
     2 5.695362e+01
     2 5.696299e+01
     2 5.905606e+01
     2 5.910266e+01
     2 5.954042e+01
     2 5.954972e+01
     2 5.957765e+01
     2 5.958696e+01
     2 5.959626e+01
     2 5.964280e+01
     2 5.965210e+01
     2 6.106373e+01
     2 6.109153e+01
     2 6.110080e+01
     2 6.111007e+01
     2 6.111933e+01
     2 6.112860e+01
     2 6.116566e+01
     2 6.119345e+01
     2 6.120271e+01
     2 6.121198e+01
     2 6.122124e+01
     2 6.123050e+01
     2 6.126755e+01
     2 6.131385e+01
     2 6.132311e+01
     2 6.133237e+01
     2 6.140644e+01
     2 6.141570e+01
     2 6.142495e+01
     2 6.143421e+01
     2 6.146198e+01
     2 6.147123e+01
     2 6.150825e+01
     2 6.151751e+01
     2 6.152676e+01
     2 6.153601e+01
     2 6.154527e+01
     2 6.156377e+01
     2 6.157302e+01
     2 6.161003e+01
     2 6.161928e+01
     2 6.162853e+01
     2 6.163778e+01
     2 6.164703e+01
     2 6.207223e+01
     2 6.208146e+01
     2 6.213688e+01
     2 6.214611e+01
     2 6.215534e+01
     2 6.217381e+01
     2 6.218304e+01
     2 6.219228e+01
     2 6.223843e+01
     2 6.224767e+01
     2 6.225690e+01
     2 6.227536e+01
     2 6.228459e+01
     2 6.229382e+01
     2 6.234919e+01
     2 6.235841e+01
     2 6.236764e+01
     2 6.237687e+01
     2 6.238609e+01
     2 6.239532e+01
     2 6.245067e+01
     2 6.245990e+01
     2 6.246912e+01
     2 6.247834e+01
     2 6.248756e+01
     2 6.249679e+01
     2 6.250601e+01
     2 6.255212e+01
     2 6.256134e+01
     2 6.257056e+01
     2 6.258900e+01
     2 6.259822e+01
     2 6.260743e+01
     2 6.265353e+01
     2 6.266274e+01
     2 6.267196e+01
     2 6.268118e+01
     2 6.269039e+01
     2 6.269961e+01
     2 6.274568e+01
     2 6.275489e+01
     2 6.276411e+01
     2 6.278254e+01
     2 6.279175e+01
     2 6.280096e+01
     2 6.284702e+01
     2 6.285622e+01
     2 6.286544e+01
     2 6.288385e+01
     2 6.289306e+01
     2 6.290227e+01
     2 6.295752e+01
     2 6.296672e+01
     2 6.298514e+01
     2 6.299434e+01
     2 6.300355e+01
     2 6.305877e+01
     2 6.306797e+01
     2 6.309558e+01
     2 6.310478e+01
     2 6.311398e+01
     2 6.315078e+01
     2 6.315998e+01
     2 6.316918e+01
     2 6.317838e+01
     2 6.318758e+01
     2 6.319678e+01
     2 6.320597e+01
     2 6.321518e+01
     2 6.325196e+01
     2 6.326115e+01
     2 6.327035e+01
     2 6.328874e+01
     2 6.329794e+01
     2 6.330713e+01
     2 6.331632e+01
     2 6.366543e+01
     2 6.368380e+01
     2 6.369297e+01
     2 6.370215e+01
     2 6.371133e+01
     2 6.372051e+01
     2 6.375722e+01
     2 6.376640e+01
     2 6.379393e+01
     2 6.380310e+01
     2 6.381227e+01
     2 6.385815e+01
     2 6.386732e+01
     2 6.389483e+01
     2 6.390401e+01
     2 6.391318e+01
     2 6.396820e+01
     2 6.399570e+01
     2 6.429803e+01
     2 6.430718e+01
     2 6.431634e+01
     2 6.436211e+01
     2 6.439871e+01
     2 6.440787e+01
     2 6.601210e+01
     2 6.603933e+01
     2 6.604841e+01
     2 6.613914e+01
     2 6.614821e+01
     2 6.615727e+01
     2 6.616634e+01
     2 6.620261e+01
     2 6.621169e+01
     2 6.622075e+01
     2 6.622981e+01
     2 6.624795e+01
     2 6.625701e+01
     2 6.631139e+01
     2 6.634763e+01
     2 6.641103e+01
     2 6.642009e+01
     2 6.642915e+01
