     5 4.872789e+01
     5 4.873738e+01
     5 4.874687e+01
     5 4.880379e+01
     5 4.881328e+01
     5 4.882277e+01
     5 4.883226e+01
     5 4.885123e+01
     5 4.886071e+01
     5 4.887020e+01
     5 4.887969e+01
     5 4.904094e+01
     5 4.905991e+01
     5 4.909785e+01
     5 4.910733e+01
     5 4.976146e+01
     5 4.980884e+01
     5 4.981832e+01
     5 4.982780e+01
     5 4.983727e+01
     5 4.984674e+01
     5 4.986570e+01
     5 4.987517e+01
     5 4.988465e+01
     5 4.994149e+01
     5 4.995097e+01
     5 4.996044e+01
     5 4.996992e+01
     5 4.997939e+01
     5 4.998886e+01
     5 4.999834e+01
     5 5.000781e+01
     5 5.010254e+01
     5 5.011201e+01
     5 5.012149e+01
     5 5.016884e+01
     5 5.296710e+01
     5 5.297654e+01
     5 5.298597e+01
     5 5.299540e+01
     5 5.303314e+01
     5 5.304257e+01
     5 5.410764e+01
     5 5.412647e+01
     5 5.413589e+01
     5 5.457830e+01
     5 5.461594e+01
     5 5.462535e+01
     5 5.463475e+01
     5 5.464416e+01
     5 5.467239e+01
     5 5.468180e+01
     5 5.471943e+01
     5 5.472883e+01
     5 5.473824e+01
     5 5.474765e+01
     5 5.475705e+01
     5 5.477587e+01
     5 5.478527e+01
     5 5.479468e+01
     5 5.480408e+01
     5 5.497336e+01
     5 5.498276e+01
     5 5.500157e+01
     5 5.501097e+01
     5 5.502037e+01
     5 5.502977e+01
     5 5.524598e+01
     5 5.525537e+01
     5 5.546209e+01
     5 5.549967e+01
     5 5.550906e+01
     5 5.551846e+01
     5 5.552785e+01
     5 5.557481e+01
     5 5.558421e+01
     5 5.559360e+01
     5 5.563116e+01
     5 5.572507e+01
     5 5.585651e+01
     5 5.586590e+01
     5 5.587528e+01
     5 5.595976e+01
     5 5.596915e+01
     5 5.597853e+01
     5 5.598792e+01
     5 5.601607e+01
     5 5.602546e+01
     5 5.607237e+01
     5 5.608176e+01
     5 5.609114e+01
     5 5.610052e+01
     5 5.610991e+01
     5 5.611929e+01
     5 5.612867e+01
     5 5.613805e+01
     5 5.617558e+01
     5 5.618496e+01
     5 5.619434e+01
     5 5.620372e+01
     5 5.625063e+01
     5 5.637255e+01
     5 5.644757e+01
     5 5.660694e+01
     5 5.661631e+01
     5 5.662569e+01
     5 5.670066e+01
     5 5.671003e+01
     5 5.671941e+01
     5 5.672878e+01
     5 5.673815e+01
     5 5.674752e+01
     5 5.678500e+01
     5 5.679437e+01
     5 5.680374e+01
     5 5.681311e+01
     5 5.683184e+01
     5 5.684121e+01
     5 5.685058e+01
     5 5.685995e+01
     5 5.690679e+01
     5 5.691616e+01
     5 5.694426e+01
     5 5.700982e+01
     5 5.701918e+01
     5 5.704728e+01
     5 5.705664e+01
     5 5.706601e+01
     5 5.712219e+01
     5 5.721581e+01
     5 5.722517e+01
     5 5.723454e+01
     5 5.727198e+01
     5 5.728133e+01
     5 5.729070e+01
     5 5.730006e+01
     5 5.730941e+01
     5 5.731878e+01
     5 5.732813e+01
     5 5.733749e+01
     5 5.734685e+01
     5 5.738428e+01
     5 5.739364e+01
     5 5.740300e+01
     5 5.741235e+01
     5 5.743107e+01
     5 5.744043e+01
     5 5.744978e+01
     5 5.749656e+01
     5 5.750592e+01
     5 5.751527e+01
     5 5.752463e+01
     5 5.753398e+01
     5 5.754333e+01
     5 5.755269e+01
     5 5.756204e+01
     5 5.757140e+01
     5 5.760881e+01
     5 5.761816e+01
     5 5.762752e+01
     5 5.764622e+01
     5 5.765557e+01
     5 5.766492e+01
     5 5.767428e+01
     5 5.773038e+01
     5 5.774908e+01
     5 5.775843e+01
     5 5.776778e+01
     5 5.777713e+01
     5 5.783323e+01
     5 5.787062e+01
     5 5.787997e+01
     5 5.788931e+01
     5 5.789866e+01
     5 5.793605e+01
     5 5.797343e+01
     5 5.798277e+01
     5 5.799212e+01
     5 5.800146e+01
     5 5.802950e+01
     5 5.803884e+01
     5 5.809490e+01
     5 5.810424e+01
     5 5.811358e+01
     5 5.812292e+01
     5 5.813227e+01
     5 5.814161e+01
     5 5.815095e+01
     5 5.816029e+01
     5 5.819765e+01
     5 5.820699e+01
     5 5.821633e+01
     5 5.822567e+01
     5 5.823501e+01
     5 5.824435e+01
     5 5.825369e+01
     5 5.826303e+01
     5 5.830038e+01
     5 5.830972e+01
     5 5.831906e+01
     5 5.832840e+01
     5 5.833773e+01
     5 5.834707e+01
     5 5.835641e+01
     5 5.836575e+01
     5 5.837508e+01
     5 5.842176e+01
     5 5.843110e+01
     5 5.844043e+01
     5 5.845910e+01
     5 5.846843e+01
     5 5.847777e+01
     5 5.852444e+01
     5 5.853377e+01
     5 5.854310e+01
     5 5.856176e+01
     5 5.857110e+01
     5 5.858043e+01
     5 5.858976e+01
     5 5.859909e+01
     5 5.863641e+01
     5 5.864574e+01
     5 5.867373e+01
     5 5.868306e+01
     5 5.869239e+01
     5 5.870172e+01
     5 5.873904e+01
     5 5.874836e+01
     5 5.877634e+01
     5 5.878567e+01
     5 5.879500e+01
     5 5.880433e+01
     5 5.884163e+01
     5 5.889758e+01
     5 5.890690e+01
     5 5.891623e+01
     5 5.894420e+01
     5 5.895352e+01
     5 5.900013e+01
     5 5.900945e+01
     5 5.901878e+01
     5 5.902810e+01
     5 5.904674e+01
     5 5.906538e+01
     5 5.911198e+01
     5 5.912130e+01
     5 5.913062e+01
     5 5.913993e+01
     5 5.914925e+01
     5 5.915857e+01
     5 5.916789e+01
     5 5.920516e+01
     5 5.921447e+01
     5 5.922379e+01
     5 5.923311e+01
     5 5.924242e+01
     5 5.968002e+01
     5 5.968933e+01
     5 5.969863e+01
     5 5.970794e+01
     5 5.975445e+01
     5 5.978236e+01
     5 5.979166e+01
     5 5.980096e+01
     5 5.981027e+01
     5 5.981957e+01
     5 5.985677e+01
     5 6.000555e+01
     5 6.001485e+01
     5 6.002414e+01
     5 6.005203e+01
     5 6.006133e+01
     5 6.016356e+01
     5 6.023789e+01
     5 6.045151e+01
     5 6.046079e+01
     5 6.047007e+01
     5 6.047936e+01
     5 6.053506e+01
     5 6.054434e+01
     5 6.058147e+01
     5 6.059075e+01
     5 6.064643e+01
     5 6.065571e+01
     5 6.067426e+01
     5 6.068354e+01
     5 6.069282e+01
     5 6.070210e+01
     5 6.089687e+01
     5 6.101739e+01
     5 6.661919e+01
     5 6.663728e+01
     5 6.669154e+01
     5 6.670962e+01
     5 6.684516e+01
     5 6.688129e+01
     5 6.689031e+01
     5 6.689935e+01
     5 6.698059e+01
     5 6.698962e+01
     5 6.699863e+01
     5 6.703473e+01
     5 6.707081e+01
     5 6.707983e+01
     5 6.708884e+01
     5 6.715196e+01
     5 6.716999e+01
