     4 4.884174e+01
     4 5.013095e+01
     4 5.295767e+01
     4 5.359890e+01
     4 5.360832e+01
     4 5.361775e+01
     4 5.362717e+01
     4 5.365545e+01
     4 5.366487e+01
     4 5.371199e+01
     4 5.372141e+01
     4 5.373083e+01
     4 5.374026e+01
     4 5.383448e+01
     4 5.384390e+01
     4 5.385332e+01
     4 5.386274e+01
     4 5.387216e+01
     4 5.388158e+01
     4 5.394753e+01
     4 5.395694e+01
     4 5.396636e+01
     4 5.399462e+01
     4 5.400404e+01
     4 5.401346e+01
     4 5.402288e+01
     4 5.406055e+01
     4 5.406997e+01
     4 5.411705e+01
     4 5.414530e+01
     4 5.418297e+01
     4 5.422063e+01
     4 5.423946e+01
     4 5.445596e+01
     4 5.446537e+01
     4 5.453125e+01
     4 5.456889e+01
     4 5.484171e+01
     4 5.489813e+01
     4 5.490754e+01
     4 5.496396e+01
     4 5.541512e+01
     4 5.549028e+01
     4 5.561238e+01
     4 5.562177e+01
     4 5.584712e+01
     4 5.589406e+01
     4 5.590344e+01
     4 5.591283e+01
     4 5.624125e+01
     4 5.626001e+01
     4 5.629752e+01
     4 5.645694e+01
     4 5.925174e+01
     4 5.926105e+01
     4 5.927037e+01
     4 5.927969e+01
     4 5.932626e+01
     4 5.933557e+01
     4 5.934489e+01
     4 5.936351e+01
     4 5.937283e+01
     4 5.938214e+01
     4 5.943801e+01
     4 5.944732e+01
     4 5.946594e+01
     4 5.947525e+01
     4 5.948456e+01
     4 5.949387e+01
     4 5.950318e+01
     4 5.990327e+01
     4 5.991257e+01
     4 5.992187e+01
     4 5.995906e+01
     4 6.011709e+01
     4 6.012638e+01
     4 6.013568e+01
     4 6.015427e+01
     4 6.021931e+01
     4 6.022860e+01
     4 6.025647e+01
     4 6.026576e+01
     4 6.027505e+01
     4 6.032150e+01
     4 6.033078e+01
     4 6.034007e+01
     4 6.035865e+01
     4 6.036793e+01
     4 6.037722e+01
     4 6.043293e+01
     4 6.044222e+01
     4 6.055362e+01
     4 6.056290e+01
     4 6.057219e+01
     4 6.063715e+01
     4 6.073921e+01
     4 6.074849e+01
     4 6.075776e+01
     4 6.076704e+01
     4 6.077631e+01
     4 6.078559e+01
     4 6.079486e+01
     4 6.080414e+01
     4 6.081341e+01
     4 6.085051e+01
     4 6.085978e+01
     4 6.087833e+01
     4 6.088760e+01
     4 6.095250e+01
     4 6.096177e+01
     4 6.098958e+01
     4 6.099885e+01
     4 6.100812e+01
     4 6.105446e+01
     4 6.166553e+01
     4 6.167478e+01
     4 6.168403e+01
     4 6.172102e+01
     4 6.173027e+01
     4 6.173952e+01
     4 6.174876e+01
     4 6.176726e+01
     4 6.182273e+01
     4 6.183198e+01
     4 6.184122e+01
     4 6.186895e+01
     4 6.187819e+01
     4 6.192440e+01
     4 6.193364e+01
     4 6.194289e+01
     4 6.197060e+01
     4 6.197984e+01
     4 6.203528e+01
     4 6.204451e+01
     4 6.205375e+01
     4 6.335310e+01
     4 6.336229e+01
     4 6.337148e+01
     4 6.338986e+01
     4 6.339905e+01
     4 6.340824e+01
     4 6.346338e+01
     4 6.347256e+01
     4 6.349094e+01
     4 6.350013e+01
     4 6.350932e+01
     4 6.356443e+01
     4 6.360116e+01
     4 6.361034e+01
     4 6.361953e+01
     4 6.365625e+01
     4 6.400487e+01
     4 6.401404e+01
     4 6.405070e+01
     4 6.405986e+01
     4 6.406903e+01
     4 6.408736e+01
     4 6.409652e+01
     4 6.410568e+01
     4 6.411485e+01
     4 6.412401e+01
     4 6.416066e+01
     4 6.416982e+01
     4 6.418814e+01
     4 6.419730e+01
     4 6.420646e+01
     4 6.426141e+01
     4 6.427056e+01
     4 6.441702e+01
     4 6.449021e+01
     4 6.449935e+01
     4 6.450850e+01
     4 6.455423e+01
     4 6.456337e+01
     4 6.459081e+01
     4 6.459995e+01
     4 6.460909e+01
     4 6.466394e+01
     4 6.469135e+01
     4 6.470049e+01
     4 6.470963e+01
     4 6.476445e+01
     4 6.479185e+01
     4 6.480099e+01
     4 6.481013e+01
     4 6.481926e+01
     4 6.485579e+01
     4 6.486492e+01
     4 6.488318e+01
     4 6.489231e+01
     4 6.490144e+01
     4 6.495621e+01
     4 6.496534e+01
     4 6.498359e+01
     4 6.499271e+01
     4 6.500184e+01
     4 6.501096e+01
     4 6.504746e+01
     4 6.505659e+01
     4 6.507483e+01
     4 6.508395e+01
     4 6.509307e+01
     4 6.514779e+01
     4 6.515691e+01
     4 6.517514e+01
     4 6.518426e+01
     4 6.519337e+01
     4 6.520249e+01
     4 6.524807e+01
     4 6.525718e+01
     4 6.528452e+01
     4 6.529363e+01
     4 6.530274e+01
     4 6.535741e+01
     4 6.536651e+01
     4 6.537562e+01
     4 6.538473e+01
     4 6.539384e+01
     4 6.543937e+01
     4 6.544847e+01
     4 6.545757e+01
     4 6.547578e+01
     4 6.548489e+01
     4 6.549399e+01
     4 6.554859e+01
     4 6.555769e+01
     4 6.556680e+01
     4 6.557589e+01
     4 6.558499e+01
     4 6.559409e+01
     4 6.563048e+01
     4 6.563957e+01
     4 6.564867e+01
     4 6.566685e+01
     4 6.567595e+01
     4 6.568504e+01
     4 6.573959e+01
     4 6.574868e+01
     4 6.575777e+01
     4 6.576686e+01
     4 6.577595e+01
     4 6.578504e+01
     4 6.582139e+01
     4 6.583047e+01
     4 6.583956e+01
     4 6.584865e+01
     4 6.585773e+01
     4 6.586681e+01
     4 6.587590e+01
     4 6.593039e+01
     4 6.593948e+01
     4 6.594855e+01
     4 6.595763e+01
     4 6.596671e+01
     4 6.597579e+01
     4 6.603026e+01
     4 6.605748e+01
     4 6.606656e+01
     4 6.608470e+01
     4 6.612099e+01
     4 6.613007e+01
     4 6.632045e+01
     4 6.632951e+01
     4 6.635669e+01
     4 6.639292e+01
     4 6.644725e+01
     4 6.646536e+01
     4 6.650157e+01
     4 6.651062e+01
     4 6.651968e+01
     4 6.653777e+01
     4 6.654682e+01
     4 6.660110e+01
     4 6.661015e+01
     4 6.665537e+01
     4 6.670058e+01
     4 6.673674e+01
     4 6.677289e+01
     4 6.679095e+01
     4 6.680000e+01
     4 6.680903e+01
     4 6.717900e+01
     4 6.718801e+01
     4 6.722406e+01
     4 6.726010e+01
     4 6.726910e+01
     4 6.727811e+01
     4 6.734115e+01
     4 6.735915e+01
     4 6.736816e+01
     4 6.737716e+01
     4 6.741315e+01
     4 6.742216e+01
