     4 4.820589e+01
     4 4.822488e+01
     4 4.837676e+01
     4 4.838625e+01
     4 4.839575e+01
     4 4.840524e+01
     4 4.841473e+01
     4 4.842422e+01
     4 4.844320e+01
     4 4.845269e+01
     4 4.850964e+01
     4 4.851913e+01
     4 4.852862e+01
     4 4.854760e+01
     4 4.855709e+01
     4 4.858556e+01
     4 4.862352e+01
     4 4.868045e+01
     4 4.868994e+01
     4 4.869943e+01
     4 4.870892e+01
     4 4.872789e+01
     4 4.873738e+01
     4 4.874687e+01
     4 4.880379e+01
     4 4.881328e+01
     4 4.882277e+01
     4 4.883226e+01
     4 4.884174e+01
     4 4.885123e+01
     4 4.886071e+01
     4 4.887020e+01
     4 4.887969e+01
     4 4.891763e+01
     4 4.892712e+01
     4 4.893661e+01
     4 4.894609e+01
     4 4.897455e+01
     4 4.898403e+01
     4 4.899352e+01
     4 4.900300e+01
     4 4.901249e+01
     4 4.904094e+01
     4 4.905043e+01
     4 4.905991e+01
     4 4.909785e+01
     4 4.910733e+01
     4 4.976146e+01
     4 4.977094e+01
     4 4.980884e+01
     4 4.981832e+01
     4 4.982780e+01
     4 4.983727e+01
     4 4.984674e+01
     4 4.986570e+01
     4 4.987517e+01
     4 4.988465e+01
     4 4.994149e+01
     4 4.995097e+01
     4 4.996044e+01
     4 4.996992e+01
     4 4.997939e+01
     4 4.998886e+01
     4 4.999834e+01
     4 5.000781e+01
     4 5.005518e+01
     4 5.006465e+01
     4 5.007412e+01
     4 5.010254e+01
     4 5.011201e+01
     4 5.012149e+01
     4 5.013095e+01
     4 5.016884e+01
     4 5.017831e+01
     4 5.027302e+01
     4 5.028249e+01
     4 5.029197e+01
     4 5.054762e+01
     4 5.055708e+01
     4 5.066121e+01
     4 5.067067e+01
     4 5.104919e+01
     4 5.105865e+01
     4 5.106812e+01
     4 5.113433e+01
     4 5.122892e+01
     4 5.123838e+01
     4 5.124784e+01
     4 5.212690e+01
     4 5.267457e+01
     4 5.268401e+01
     4 5.269345e+01
     4 5.270288e+01
     4 5.271232e+01
     4 5.273120e+01
     4 5.274063e+01
     4 5.291049e+01
     4 5.292936e+01
     4 5.293880e+01
     4 5.295767e+01
     4 5.296710e+01
     4 5.297654e+01
     4 5.298597e+01
     4 5.303314e+01
     4 5.304257e+01
     4 5.309917e+01
     4 5.310860e+01
     4 5.314633e+01
     4 5.315577e+01
     4 5.335380e+01
     4 5.336323e+01
     4 5.337265e+01
     4 5.338208e+01
     4 5.359890e+01
     4 5.360832e+01
     4 5.361775e+01
     4 5.362717e+01
     4 5.365545e+01
     4 5.366487e+01
     4 5.367429e+01
     4 5.371199e+01
     4 5.372141e+01
     4 5.373083e+01
     4 5.374026e+01
     4 5.376852e+01
     4 5.377795e+01
     4 5.383448e+01
     4 5.384390e+01
     4 5.385332e+01
     4 5.386274e+01
     4 5.387216e+01
     4 5.388158e+01
     4 5.394753e+01
     4 5.395694e+01
     4 5.396636e+01
     4 5.399462e+01
     4 5.400404e+01
     4 5.401346e+01
     4 5.402288e+01
     4 5.406055e+01
     4 5.406997e+01
     4 5.410764e+01
     4 5.411705e+01
     4 5.412647e+01
     4 5.413589e+01
     4 5.414530e+01
     4 5.418297e+01
     4 5.422063e+01
     4 5.423005e+01
     4 5.423946e+01
     4 5.445596e+01
     4 5.446537e+01
     4 5.447479e+01
     4 5.453125e+01
     4 5.456889e+01
     4 5.457830e+01
     4 5.461594e+01
     4 5.462535e+01
     4 5.463475e+01
     4 5.464416e+01
     4 5.467239e+01
     4 5.468180e+01
     4 5.474765e+01
     4 5.475705e+01
     4 5.477587e+01
     4 5.478527e+01
     4 5.479468e+01
     4 5.480408e+01
     4 5.484171e+01
     4 5.489813e+01
     4 5.490754e+01
     4 5.496396e+01
     4 5.497336e+01
     4 5.498276e+01
     4 5.500157e+01
     4 5.501097e+01
     4 5.502037e+01
     4 5.502977e+01
     4 5.523658e+01
     4 5.524598e+01
     4 5.525537e+01
     4 5.541512e+01
     4 5.546209e+01
     4 5.549028e+01
     4 5.549967e+01
     4 5.550906e+01
     4 5.551846e+01
     4 5.557481e+01
     4 5.558421e+01
     4 5.559360e+01
     4 5.569690e+01
     4 5.572507e+01
     4 5.576263e+01
     4 5.584712e+01
     4 5.585651e+01
     4 5.586590e+01
     4 5.587528e+01
     4 5.589406e+01
     4 5.590344e+01
     4 5.591283e+01
     4 5.596915e+01
     4 5.597853e+01
     4 5.598792e+01
     4 5.601607e+01
     4 5.602546e+01
     4 5.607237e+01
     4 5.608176e+01
     4 5.609114e+01
     4 5.610052e+01
     4 5.610991e+01
     4 5.611929e+01
     4 5.612867e+01
     4 5.613805e+01
     4 5.624125e+01
     4 5.625063e+01
     4 5.626001e+01
     4 5.629752e+01
     4 5.637255e+01
     4 5.644757e+01
     4 5.645694e+01
     4 5.659757e+01
     4 5.660694e+01
     4 5.661631e+01
     4 5.662569e+01
     4 5.668192e+01
     4 5.669129e+01
     4 5.670066e+01
     4 5.671003e+01
     4 5.671941e+01
     4 5.672878e+01
     4 5.673815e+01
     4 5.674752e+01
     4 5.678500e+01
     4 5.679437e+01
     4 5.680374e+01
     4 5.681311e+01
     4 5.683184e+01
     4 5.684121e+01
     4 5.685058e+01
     4 5.685995e+01
     4 5.690679e+01
     4 5.691616e+01
     4 5.694426e+01
     4 5.700982e+01
     4 5.701918e+01
     4 5.704728e+01
     4 5.705664e+01
     4 5.706601e+01
     4 5.707537e+01
     4 5.708474e+01
     4 5.712219e+01
     4 5.716900e+01
     4 5.717837e+01
     4 5.718773e+01
     4 5.719709e+01
     4 5.721581e+01
     4 5.722517e+01
     4 5.723454e+01
     4 5.727198e+01
     4 5.728133e+01
     4 5.729070e+01
     4 5.730006e+01
     4 5.730941e+01
     4 5.731878e+01
     4 5.732813e+01
     4 5.733749e+01
     4 5.734685e+01
     4 5.738428e+01
     4 5.739364e+01
     4 5.740300e+01
     4 5.741235e+01
     4 5.743107e+01
     4 5.744043e+01
     4 5.744978e+01
     4 5.750592e+01
     4 5.751527e+01
     4 5.752463e+01
     4 5.753398e+01
     4 5.754333e+01
     4 5.755269e+01
     4 5.756204e+01
     4 5.757140e+01
     4 5.760881e+01
     4 5.761816e+01
     4 5.762752e+01
     4 5.766492e+01
     4 5.793605e+01
     4 5.797343e+01
     4 5.798277e+01
     4 5.799212e+01
     4 5.800146e+01
     4 5.802950e+01
     4 5.803884e+01
     4 5.809490e+01
     4 5.810424e+01
     4 5.811358e+01
     4 5.812292e+01
     4 5.813227e+01
     4 5.814161e+01
     4 5.815095e+01
     4 5.824435e+01
     4 5.825369e+01
     4 5.826303e+01
     4 5.830038e+01
     4 5.830972e+01
     4 5.831906e+01
     4 5.832840e+01
     4 5.833773e+01
     4 5.834707e+01
     4 5.835641e+01
     4 5.836575e+01
     4 5.837508e+01
     4 5.842176e+01
     4 5.843110e+01
     4 5.844043e+01
     4 5.845910e+01
     4 5.846843e+01
     4 5.847777e+01
     4 5.852444e+01
     4 5.853377e+01
     4 5.854310e+01
     4 5.856176e+01
     4 5.857110e+01
     4 5.858043e+01
     4 5.858976e+01
     4 5.859909e+01
     4 5.863641e+01
     4 5.864574e+01
     4 5.867373e+01
     4 5.868306e+01
     4 5.869239e+01
     4 5.870172e+01
     4 5.873904e+01
     4 5.874836e+01
     4 5.877634e+01
     4 5.878567e+01
     4 5.879500e+01
     4 5.880433e+01
     4 5.884163e+01
     4 5.889758e+01
     4 5.890690e+01
     4 5.891623e+01
     4 5.894420e+01
     4 5.895352e+01
     4 5.900013e+01
     4 5.900945e+01
     4 5.901878e+01
     4 5.902810e+01
     4 5.904674e+01
     4 5.905606e+01
     4 5.906538e+01
     4 5.910266e+01
     4 5.911198e+01
     4 5.912130e+01
     4 5.913062e+01
     4 5.913993e+01
     4 5.914925e+01
     4 5.915857e+01
     4 5.916789e+01
     4 5.920516e+01
     4 5.921447e+01
     4 5.922379e+01
     4 5.923311e+01
     4 5.924242e+01
     4 5.925174e+01
     4 5.926105e+01
     4 5.927037e+01
     4 5.927969e+01
     4 5.932626e+01
     4 5.933557e+01
     4 5.934489e+01
     4 5.936351e+01
     4 5.937283e+01
     4 5.938214e+01
     4 5.943801e+01
     4 5.944732e+01
     4 5.946594e+01
     4 5.947525e+01
     4 5.948456e+01
     4 5.949387e+01
     4 5.950318e+01
     4 5.954042e+01
     4 5.954972e+01
     4 5.957765e+01
     4 5.958696e+01
     4 5.959626e+01
     4 5.964280e+01
     4 5.968002e+01
     4 5.968933e+01
     4 5.969863e+01
     4 5.970794e+01
     4 5.975445e+01
     4 5.978236e+01
     4 5.979166e+01
     4 5.980096e+01
     4 5.981027e+01
     4 5.981957e+01
     4 5.985677e+01
     4 5.990327e+01
     4 5.991257e+01
     4 5.992187e+01
     4 5.995906e+01
     4 6.000555e+01
     4 6.005203e+01
     4 6.011709e+01
     4 6.012638e+01
     4 6.013568e+01
     4 6.015427e+01
     4 6.021931e+01
     4 6.022860e+01
     4 6.023789e+01
     4 6.025647e+01
     4 6.026576e+01
     4 6.027505e+01
     4 6.032150e+01
     4 6.033078e+01
     4 6.034007e+01
     4 6.035865e+01
     4 6.036793e+01
     4 6.037722e+01
     4 6.043293e+01
     4 6.044222e+01
     4 6.045151e+01
     4 6.046079e+01
     4 6.047007e+01
     4 6.047936e+01
     4 6.053506e+01
     4 6.054434e+01
     4 6.055362e+01
     4 6.056290e+01
     4 6.057219e+01
     4 6.058147e+01
     4 6.059075e+01
     4 6.063715e+01
     4 6.064643e+01
     4 6.065571e+01
     4 6.067426e+01
     4 6.068354e+01
     4 6.069282e+01
     4 6.070210e+01
     4 6.073921e+01
     4 6.074849e+01
     4 6.075776e+01
     4 6.076704e+01
     4 6.077631e+01
     4 6.078559e+01
     4 6.079486e+01
     4 6.080414e+01
     4 6.081341e+01
     4 6.085051e+01
     4 6.085978e+01
     4 6.087833e+01
     4 6.088760e+01
     4 6.089687e+01
     4 6.095250e+01
     4 6.096177e+01
     4 6.098958e+01
     4 6.099885e+01
     4 6.100812e+01
     4 6.101739e+01
     4 6.105446e+01
     4 6.106373e+01
     4 6.112860e+01
     4 6.116566e+01
     4 6.119345e+01
     4 6.120271e+01
     4 6.121198e+01
     4 6.122124e+01
     4 6.123050e+01
     4 6.126755e+01
     4 6.131385e+01
     4 6.132311e+01
     4 6.133237e+01
     4 6.140644e+01
     4 6.141570e+01
     4 6.142495e+01
     4 6.143421e+01
     4 6.146198e+01
     4 6.147123e+01
     4 6.150825e+01
     4 6.151751e+01
     4 6.152676e+01
     4 6.153601e+01
     4 6.154527e+01
     4 6.156377e+01
     4 6.157302e+01
     4 6.161003e+01
     4 6.161928e+01
     4 6.162853e+01
     4 6.163778e+01
     4 6.164703e+01
     4 6.166553e+01
     4 6.167478e+01
     4 6.168403e+01
     4 6.172102e+01
     4 6.173027e+01
     4 6.173952e+01
     4 6.174876e+01
     4 6.176726e+01
     4 6.182273e+01
     4 6.183198e+01
     4 6.184122e+01
     4 6.186895e+01
     4 6.187819e+01
     4 6.192440e+01
     4 6.193364e+01
     4 6.194289e+01
     4 6.197060e+01
     4 6.197984e+01
     4 6.203528e+01
     4 6.204451e+01
     4 6.205375e+01
     4 6.207223e+01
     4 6.208146e+01
     4 6.213688e+01
     4 6.214611e+01
     4 6.215534e+01
     4 6.217381e+01
     4 6.218304e+01
     4 6.219228e+01
     4 6.223843e+01
     4 6.224767e+01
     4 6.225690e+01
     4 6.227536e+01
     4 6.228459e+01
     4 6.229382e+01
     4 6.234919e+01
     4 6.235841e+01
     4 6.236764e+01
     4 6.237687e+01
     4 6.239532e+01
     4 6.248756e+01
     4 6.249679e+01
     4 6.255212e+01
     4 6.256134e+01
     4 6.257056e+01
     4 6.258900e+01
     4 6.259822e+01
     4 6.260743e+01
     4 6.265353e+01
     4 6.266274e+01
     4 6.267196e+01
     4 6.268118e+01
     4 6.269039e+01
     4 6.269961e+01
     4 6.274568e+01
     4 6.275489e+01
     4 6.276411e+01
     4 6.278254e+01
     4 6.279175e+01
     4 6.280096e+01
     4 6.284702e+01
     4 6.285622e+01
     4 6.286544e+01
     4 6.288385e+01
     4 6.289306e+01
     4 6.290227e+01
     4 6.295752e+01
     4 6.296672e+01
     4 6.298514e+01
     4 6.299434e+01
     4 6.318758e+01
     4 6.331632e+01
     4 6.335310e+01
     4 6.336229e+01
     4 6.337148e+01
     4 6.338986e+01
     4 6.339905e+01
     4 6.340824e+01
     4 6.346338e+01
     4 6.347256e+01
     4 6.349094e+01
     4 6.350013e+01
     4 6.350932e+01
     4 6.356443e+01
     4 6.360116e+01
     4 6.361034e+01
     4 6.361953e+01
     4 6.365625e+01
     4 6.366543e+01
     4 6.385815e+01
     4 6.386732e+01
     4 6.389483e+01
     4 6.390401e+01
     4 6.391318e+01
     4 6.399570e+01
     4 6.400487e+01
     4 6.401404e+01
     4 6.405070e+01
     4 6.405986e+01
     4 6.406903e+01
     4 6.408736e+01
     4 6.409652e+01
     4 6.410568e+01
     4 6.411485e+01
     4 6.412401e+01
     4 6.416066e+01
     4 6.416982e+01
     4 6.418814e+01
     4 6.419730e+01
     4 6.420646e+01
     4 6.426141e+01
     4 6.427056e+01
     4 6.429803e+01
     4 6.430718e+01
     4 6.431634e+01
     4 6.439871e+01
     4 6.440787e+01
     4 6.441702e+01
     4 6.449021e+01
     4 6.449935e+01
     4 6.450850e+01
     4 6.455423e+01
     4 6.456337e+01
     4 6.459081e+01
     4 6.459995e+01
     4 6.460909e+01
     4 6.466394e+01
     4 6.469135e+01
     4 6.470049e+01
     4 6.470963e+01
     4 6.476445e+01
     4 6.479185e+01
     4 6.480099e+01
     4 6.481013e+01
     4 6.481926e+01
     4 6.485579e+01
     4 6.486492e+01
     4 6.488318e+01
     4 6.489231e+01
     4 6.490144e+01
     4 6.495621e+01
     4 6.496534e+01
     4 6.498359e+01
     4 6.499271e+01
     4 6.500184e+01
     4 6.501096e+01
     4 6.504746e+01
     4 6.505659e+01
     4 6.507483e+01
     4 6.508395e+01
     4 6.509307e+01
     4 6.514779e+01
     4 6.515691e+01
     4 6.517514e+01
     4 6.518426e+01
     4 6.519337e+01
     4 6.520249e+01
     4 6.524807e+01
     4 6.525718e+01
     4 6.528452e+01
     4 6.529363e+01
     4 6.530274e+01
     4 6.535741e+01
     4 6.536651e+01
     4 6.537562e+01
     4 6.538473e+01
     4 6.539384e+01
     4 6.543937e+01
     4 6.544847e+01
     4 6.545757e+01
     4 6.547578e+01
     4 6.548489e+01
     4 6.549399e+01
     4 6.554859e+01
     4 6.555769e+01
     4 6.556680e+01
     4 6.557589e+01
     4 6.558499e+01
     4 6.559409e+01
     4 6.563048e+01
     4 6.563957e+01
     4 6.564867e+01
     4 6.566685e+01
     4 6.567595e+01
     4 6.568504e+01
     4 6.573959e+01
     4 6.574868e+01
     4 6.575777e+01
     4 6.576686e+01
     4 6.577595e+01
     4 6.578504e+01
     4 6.582139e+01
     4 6.583047e+01
     4 6.583956e+01
     4 6.584865e+01
     4 6.585773e+01
     4 6.586681e+01
     4 6.587590e+01
     4 6.593039e+01
     4 6.593948e+01
     4 6.594855e+01
     4 6.595763e+01
     4 6.596671e+01
     4 6.597579e+01
     4 6.601210e+01
     4 6.603026e+01
     4 6.603933e+01
     4 6.604841e+01
     4 6.605748e+01
     4 6.606656e+01
     4 6.608470e+01
     4 6.612099e+01
     4 6.613007e+01
     4 6.613914e+01
     4 6.614821e+01
     4 6.615727e+01
     4 6.620261e+01
     4 6.621169e+01
     4 6.622075e+01
     4 6.631139e+01
     4 6.632045e+01
     4 6.632951e+01
     4 6.634763e+01
     4 6.635669e+01
     4 6.639292e+01
     4 6.641103e+01
     4 6.642009e+01
     4 6.642915e+01
     4 6.644725e+01
     4 6.646536e+01
     4 6.650157e+01
     4 6.651062e+01
     4 6.651968e+01
     4 6.653777e+01
     4 6.654682e+01
     4 6.660110e+01
     4 6.661015e+01
     4 6.661919e+01
     4 6.663728e+01
     4 6.665537e+01
     4 6.669154e+01
     4 6.670058e+01
     4 6.670962e+01
     4 6.673674e+01
     4 6.677289e+01
     4 6.679095e+01
     4 6.680000e+01
     4 6.680903e+01
     4 6.684516e+01
     4 6.688129e+01
     4 6.689031e+01
     4 6.689935e+01
     4 6.698059e+01
     4 6.698962e+01
     4 6.699863e+01
     4 6.703473e+01
     4 6.707081e+01
     4 6.707983e+01
     4 6.708884e+01
     4 6.715196e+01
     4 6.716999e+01
     4 6.717900e+01
     4 6.718801e+01
     4 6.722406e+01
     4 6.726010e+01
     4 6.726910e+01
     4 6.727811e+01
     4 6.734115e+01
     4 6.735915e+01
     4 6.736816e+01
     4 6.737716e+01
     4 6.741315e+01
     4 6.742216e+01
