     3 5.299540e+01
     3 5.471943e+01
     3 5.472883e+01
     3 5.473824e+01
     3 5.552785e+01
     3 5.561238e+01
     3 5.562177e+01
     3 5.563116e+01
     3 5.595976e+01
     3 5.617558e+01
     3 5.618496e+01
     3 5.619434e+01
     3 5.620372e+01
     3 5.749656e+01
     3 5.764622e+01
     3 5.765557e+01
     3 5.767428e+01
     3 5.773038e+01
     3 5.774908e+01
     3 5.775843e+01
     3 5.776778e+01
     3 5.777713e+01
     3 5.783323e+01
     3 5.787062e+01
     3 5.787997e+01
     3 5.788931e+01
     3 5.789866e+01
     3 5.816029e+01
     3 5.819765e+01
     3 5.820699e+01
     3 5.821633e+01
     3 5.822567e+01
     3 5.823501e+01
     3 6.001485e+01
     3 6.002414e+01
     3 6.006133e+01
     3 6.016356e+01
