     2 4.819640e+01
     2 4.831981e+01
     2 4.832930e+01
     2 4.836727e+01
     2 4.843371e+01
     2 4.955296e+01
     2 4.971408e+01
     2 5.030143e+01
     2 5.058548e+01
     2 5.068960e+01
     2 5.069907e+01
     2 5.101135e+01
     2 5.118163e+01
     2 5.119109e+01
     2 5.120055e+01
     2 5.129513e+01
     2 5.154098e+01
     2 5.181510e+01
     2 5.182455e+01
     2 5.192850e+01
     2 5.193795e+01
     2 5.194740e+01
     2 5.198519e+01
     2 5.200409e+01
     2 5.201353e+01
     2 5.202298e+01
     2 5.203243e+01
     2 5.204188e+01
     2 5.205133e+01
     2 5.211745e+01
     2 5.244800e+01
     2 5.245744e+01
     2 5.253297e+01
     2 5.262737e+01
     2 5.263681e+01
     2 5.275951e+01
     2 5.285388e+01
     2 5.286332e+01
     2 5.291993e+01
     2 5.307087e+01
     2 5.308031e+01
     2 5.319349e+01
     2 5.323121e+01
     2 5.333494e+01
     2 5.344808e+01
     2 5.345750e+01
     2 5.347636e+01
     2 5.348579e+01
     2 5.349521e+01
     2 5.416413e+01
     2 5.417355e+01
     2 5.426770e+01
     2 5.427712e+01
     2 5.429595e+01
     2 5.434301e+01
     2 5.435243e+01
     2 5.436184e+01
     2 5.487933e+01
     2 5.518959e+01
     2 5.522718e+01
     2 5.548088e+01
     2 5.568751e+01
     2 5.573446e+01
     2 5.574385e+01
     2 5.575324e+01
     2 5.599730e+01
     2 5.600668e+01
     2 5.630690e+01
     2 5.633504e+01
     2 5.646632e+01
     2 5.647570e+01
     2 5.663506e+01
     2 5.965210e+01
     2 6.109153e+01
     2 6.110080e+01
     2 6.111007e+01
     2 6.111933e+01
     2 6.238609e+01
     2 6.245067e+01
     2 6.245990e+01
     2 6.246912e+01
     2 6.247834e+01
     2 6.250601e+01
     2 6.300355e+01
     2 6.305877e+01
     2 6.306797e+01
     2 6.309558e+01
     2 6.310478e+01
     2 6.311398e+01
     2 6.315078e+01
     2 6.315998e+01
     2 6.316918e+01
     2 6.317838e+01
     2 6.319678e+01
     2 6.320597e+01
     2 6.321518e+01
     2 6.325196e+01
     2 6.326115e+01
     2 6.327035e+01
     2 6.328874e+01
     2 6.329794e+01
     2 6.330713e+01
     2 6.368380e+01
     2 6.369297e+01
     2 6.370215e+01
     2 6.371133e+01
     2 6.372051e+01
     2 6.375722e+01
     2 6.376640e+01
     2 6.379393e+01
     2 6.380310e+01
     2 6.381227e+01
     2 6.396820e+01
     2 6.436211e+01
     2 6.616634e+01
     2 6.622981e+01
     2 6.624795e+01
     2 6.625701e+01
