     4 3.991455e+01
     4 4.317215e+01
     4 4.318169e+01
     4 4.399232e+01
     4 4.586900e+01
     4 4.591659e+01
     4 4.592611e+01
     4 4.595466e+01
     4 4.596417e+01
     4 4.597369e+01
     4 4.598321e+01
     4 4.599273e+01
     4 4.600224e+01
     4 4.602127e+01
     4 4.603079e+01
     4 4.604031e+01
     4 4.604982e+01
     4 4.609740e+01
     4 4.610691e+01
     4 4.611643e+01
     4 4.612595e+01
     4 4.613546e+01
     4 4.614497e+01
     4 4.615449e+01
     4 4.616401e+01
     4 4.617352e+01
     4 4.621158e+01
     4 4.622109e+01
     4 4.623061e+01
     4 4.624012e+01
     4 4.626867e+01
     4 4.627818e+01
     4 4.628769e+01
     4 4.629720e+01
     4 4.630672e+01
     4 4.633526e+01
     4 4.634477e+01
     4 4.635429e+01
     4 4.640185e+01
     4 4.641136e+01
     4 4.642088e+01
     4 4.643039e+01
     4 4.643990e+01
     4 4.644941e+01
     4 4.645892e+01
     4 4.646843e+01
     4 4.647795e+01
     4 4.648746e+01
     4 4.653502e+01
     4 4.654453e+01
     4 4.657306e+01
     4 4.658257e+01
     4 4.659208e+01
     4 4.660159e+01
     4 4.661110e+01
     4 4.663964e+01
     4 4.664915e+01
     4 4.665866e+01
     4 4.669670e+01
     4 4.670620e+01
     4 4.671571e+01
     4 4.672522e+01
     4 4.673473e+01
     4 4.674424e+01
     4 4.675375e+01
     4 4.676326e+01
     4 4.677277e+01
     4 4.678228e+01
     4 4.679179e+01
     4 4.682982e+01
     4 4.683933e+01
     4 4.684884e+01
     4 4.685835e+01
     4 4.688687e+01
     4 4.689638e+01
     4 4.690589e+01
     4 4.691539e+01
     4 4.695343e+01
     4 4.696293e+01
     4 4.701047e+01
     4 4.701997e+01
     4 4.702948e+01
     4 4.703899e+01
     4 4.705800e+01
     4 4.706750e+01
     4 4.707701e+01
     4 4.708652e+01
     4 4.709602e+01
     4 4.714355e+01
     4 4.715306e+01
     4 4.716256e+01
     4 4.718157e+01
     4 4.719107e+01
     4 4.720058e+01
     4 4.721009e+01
     4 4.721959e+01
     4 4.725761e+01
     4 4.726711e+01
     4 4.731463e+01
     4 4.732413e+01
     4 4.733364e+01
     4 4.738115e+01
     4 4.739066e+01
     4 4.740016e+01
     4 4.751413e+01
     4 4.752363e+01
     4 4.756163e+01
     4 4.757114e+01
     4 4.758064e+01
     4 4.760914e+01
     4 4.793210e+01
     4 4.798909e+01
     4 4.803657e+01
     4 4.804606e+01
     4 4.805556e+01
     4 4.806506e+01
     4 4.807455e+01
     4 4.810304e+01
     4 4.811253e+01
     4 4.812203e+01
     4 4.816001e+01
     4 4.821698e+01
     4 4.824546e+01
     4 4.830242e+01
     4 4.835938e+01
     4 4.836887e+01
     4 4.837836e+01
     4 4.846379e+01
     4 4.847329e+01
     4 4.848278e+01
     4 4.849227e+01
     4 4.850176e+01
     4 4.851125e+01
     4 4.852074e+01
     4 4.859667e+01
     4 4.860616e+01
     4 4.871054e+01
     4 4.876747e+01
     4 4.877696e+01
     4 4.882440e+01
     4 4.883389e+01
     4 4.918486e+01
     4 4.919434e+01
     4 4.920382e+01
     4 4.921331e+01
     4 4.931768e+01
     4 4.932716e+01
     4 4.935560e+01
     4 4.936509e+01
     4 4.937457e+01
     4 4.945990e+01
     4 4.946938e+01
     4 4.947886e+01
     4 4.948834e+01
     4 4.949782e+01
     4 4.965896e+01
     4 4.966844e+01
     4 4.982008e+01
     4 4.983903e+01
     4 5.027481e+01
     4 5.028428e+01
     4 5.029375e+01
     4 5.030322e+01
     4 5.031269e+01
     4 5.034110e+01
     4 5.035057e+01
     4 5.039792e+01
     4 5.040739e+01
     4 5.041685e+01
     4 5.042633e+01
     4 5.044526e+01
     4 5.045473e+01
     4 5.046420e+01
     4 5.047367e+01
     4 5.052101e+01
     4 5.055888e+01
     4 5.056835e+01
     4 5.057782e+01
     4 5.058728e+01
     4 5.059675e+01
     4 5.060622e+01
     4 5.064408e+01
     4 5.068195e+01
     4 5.071034e+01
     4 5.075767e+01
     4 5.076714e+01
     4 5.079553e+01
     4 5.080499e+01
     4 5.081446e+01
     4 5.082392e+01
     4 5.083339e+01
     4 5.084285e+01
     4 5.086177e+01
     4 5.087124e+01
     4 5.088070e+01
     4 5.091856e+01
     4 5.092802e+01
     4 5.093748e+01
     4 5.094694e+01
     4 5.095641e+01
     4 5.097533e+01
     4 5.098479e+01
     4 5.099426e+01
     4 5.100372e+01
     4 5.104156e+01
     4 5.105102e+01
     4 5.106042e+01
     4 5.106989e+01
     4 5.107935e+01
     4 5.108881e+01
     4 5.109827e+01
     4 5.110773e+01
     4 5.115503e+01
     4 5.116449e+01
     4 5.117395e+01
     4 5.120233e+01
     4 5.121179e+01
     4 5.122124e+01
     4 5.123071e+01
     4 5.124016e+01
     4 5.126854e+01
     4 5.127800e+01
     4 5.128746e+01
     4 5.131583e+01
     4 5.132529e+01
     4 5.133474e+01
     4 5.134420e+01
     4 5.135366e+01
     4 5.149550e+01
     4 5.150496e+01
     4 5.151442e+01
     4 5.152387e+01
     4 5.156169e+01
     4 5.157114e+01
     4 5.158060e+01
     4 5.159951e+01
     4 5.160896e+01
     4 5.161841e+01
     4 5.162787e+01
     4 5.163732e+01
     4 5.167513e+01
     4 5.168459e+01
     4 5.172240e+01
     4 5.173185e+01
     4 5.174130e+01
     4 5.175076e+01
     4 5.192087e+01
     4 5.195867e+01
     4 5.196812e+01
     4 5.197757e+01
     4 5.198701e+01
     4 5.199646e+01
     4 5.200591e+01
     4 5.201536e+01
     4 5.202481e+01
     4 5.203426e+01
     4 5.208150e+01
     4 5.209094e+01
     4 5.211929e+01
     4 5.212873e+01
     4 5.213818e+01
     4 5.214762e+01
     4 5.224208e+01
     4 5.225153e+01
     4 5.226097e+01
     4 5.227042e+01
     4 5.228931e+01
     4 5.229875e+01
