     5 3.934055e+01
     5 3.935012e+01
     5 3.943623e+01
     5 3.944580e+01
     5 3.951277e+01
     5 3.959888e+01
     5 3.999106e+01
     5 4.073681e+01
     5 4.076549e+01
     5 4.081328e+01
     5 4.108089e+01
     5 4.110956e+01
     5 4.113823e+01
     5 4.114779e+01
     5 4.154908e+01
     5 4.158730e+01
     5 4.159685e+01
     5 4.162551e+01
     5 4.163506e+01
     5 4.171148e+01
     5 4.185475e+01
     5 4.186430e+01
     5 4.187386e+01
     5 4.202666e+01
     5 4.209356e+01
     5 4.210311e+01
     5 4.214131e+01
     5 4.215086e+01
     5 4.216041e+01
     5 4.216996e+01
     5 4.220815e+01
     5 4.221770e+01
     5 4.235136e+01
     5 4.236091e+01
     5 4.240865e+01
     5 4.246593e+01
     5 4.247547e+01
     5 4.248502e+01
     5 4.322940e+01
     5 4.323894e+01
     5 4.324848e+01
     5 4.331526e+01
     5 4.332479e+01
     5 4.334388e+01
     5 4.335342e+01
     5 4.337249e+01
     5 4.342019e+01
     5 4.343927e+01
     5 4.344880e+01
     5 4.345834e+01
     5 4.346788e+01
     5 4.347742e+01
     5 4.348696e+01
     5 4.349650e+01
     5 4.350603e+01
     5 4.354419e+01
     5 4.355373e+01
     5 4.405906e+01
     5 4.406859e+01
     5 4.407812e+01
     5 4.409719e+01
     5 4.410672e+01
     5 4.411625e+01
     5 4.412579e+01
     5 4.413532e+01
     5 4.416392e+01
     5 4.417345e+01
     5 4.418298e+01
     5 4.775164e+01
     5 4.779913e+01
     5 4.780863e+01
     5 4.781813e+01
     5 4.782763e+01
     5 4.863462e+01
     5 4.865361e+01
     5 4.866309e+01
     5 4.888132e+01
     5 4.889081e+01
     5 4.893824e+01
     5 4.894773e+01
     5 4.895722e+01
     5 4.900465e+01
     5 4.901413e+01
     5 4.905207e+01
     5 4.906156e+01
     5 4.907104e+01
     5 4.908053e+01
     5 4.909002e+01
     5 4.910898e+01
     5 4.912795e+01
     5 4.913744e+01
     5 4.924176e+01
     5 4.925124e+01
     5 4.926072e+01
     5 4.930819e+01
     5 4.942197e+01
     5 4.943145e+01
     5 4.952626e+01
     5 4.953574e+01
     5 4.954522e+01
     5 4.958313e+01
     5 4.959261e+01
     5 4.961157e+01
     5 4.964001e+01
     5 4.964948e+01
     5 5.000958e+01
     5 5.001905e+01
     5 5.013273e+01
     5 5.014220e+01
     5 5.016115e+01
     5 5.017062e+01
     5 5.018009e+01
     5 5.018956e+01
     5 5.022745e+01
     5 5.023692e+01
     5 5.024640e+01
     5 5.053048e+01
     5 5.053994e+01
     5 5.054941e+01
     5 5.065355e+01
     5 5.066301e+01
     5 5.069141e+01
     5 5.070088e+01
     5 5.137257e+01
     5 5.138203e+01
     5 5.139149e+01
     5 5.140094e+01
     5 5.143877e+01
     5 5.144823e+01
     5 5.145768e+01
     5 5.146714e+01
     5 5.147659e+01
     5 5.177911e+01
     5 5.178856e+01
     5 5.179801e+01
     5 5.184527e+01
     5 5.185472e+01
     5 5.186417e+01
     5 5.187362e+01
     5 5.188307e+01
     5 5.189252e+01
     5 5.190197e+01
     5 5.191142e+01
     5 5.219485e+01
     5 5.230820e+01
     5 5.235542e+01
     5 5.236486e+01
     5 5.237431e+01
     5 5.238375e+01
     5 5.239319e+01
     5 5.240263e+01
     5 5.241208e+01
     5 5.242152e+01
     5 5.246873e+01
     5 5.247818e+01
     5 5.248762e+01
     5 5.249706e+01
     5 5.250650e+01
     5 5.251594e+01
     5 5.253482e+01
     5 5.259147e+01
     5 5.260091e+01
     5 5.261035e+01
     5 5.262923e+01
     5 5.263867e+01
     5 5.264811e+01
     5 5.265755e+01
     5 5.270474e+01
     5 5.274250e+01
     5 5.275193e+01
     5 5.276137e+01
     5 5.277081e+01
     5 5.278025e+01
     5 5.280856e+01
     5 5.281800e+01
     5 5.286524e+01
     5 5.288411e+01
     5 5.289355e+01
     5 5.291242e+01
     5 5.294073e+01
     5 5.296903e+01
     5 5.297847e+01
     5 5.298790e+01
     5 5.299734e+01
     5 5.300677e+01
     5 5.301620e+01
     5 5.302564e+01
     5 5.305394e+01
     5 5.309167e+01
     5 5.312941e+01
     5 5.313884e+01
     5 5.315770e+01
     5 5.316714e+01
     5 5.326145e+01
     5 5.327088e+01
     5 5.335575e+01
     5 5.337461e+01
     5 5.338403e+01
     5 5.362913e+01
     5 5.363856e+01
     5 5.365741e+01
     5 5.366683e+01
     5 5.371395e+01
     5 5.372338e+01
     5 5.373280e+01
     5 5.374222e+01
     5 5.375165e+01
     5 5.376107e+01
     5 5.377049e+01
     5 5.382703e+01
     5 5.383645e+01
     5 5.386471e+01
     5 5.387413e+01
     5 5.388356e+01
     5 5.389297e+01
     5 5.393066e+01
     5 5.396834e+01
     5 5.397776e+01
     5 5.398718e+01
     5 5.399660e+01
     5 5.400602e+01
     5 5.403428e+01
     5 5.404369e+01
     5 5.405311e+01
     5 5.409078e+01
     5 5.410020e+01
     5 5.410962e+01
     5 5.411903e+01
     5 5.413787e+01
     5 5.414729e+01
     5 5.415670e+01
     5 5.421320e+01
     5 5.422262e+01
     5 5.423203e+01
     5 5.424145e+01
     5 5.425086e+01
     5 5.426028e+01
     5 5.426970e+01
     5 5.431676e+01
     5 5.432618e+01
     5 5.433559e+01
     5 5.434501e+01
     5 5.435442e+01
     5 5.436383e+01
     5 5.437325e+01
     5 5.438266e+01
     5 5.442973e+01
     5 5.443914e+01
     5 5.444855e+01
     5 5.447678e+01
     5 5.448619e+01
     5 5.449561e+01
     5 5.450502e+01
     5 5.454266e+01
     5 5.455207e+01
     5 5.458030e+01
     5 5.458971e+01
     5 5.459906e+01
     5 5.460847e+01
     5 5.464611e+01
     5 5.465552e+01
     5 5.470256e+01
     5 5.471197e+01
     5 5.472137e+01
     5 5.473078e+01
     5 5.474960e+01
     5 5.475900e+01
     5 5.480603e+01
     5 5.481544e+01
     5 5.482485e+01
     5 5.483425e+01
     5 5.485307e+01
     5 5.486247e+01
     5 5.487188e+01
     5 5.488128e+01
     5 5.492830e+01
     5 5.493771e+01
     5 5.494711e+01
     5 5.495651e+01
     5 5.496592e+01
     5 5.497532e+01
     5 5.498472e+01
     5 5.499413e+01
     5 5.503173e+01
     5 5.504114e+01
     5 5.505054e+01
     5 5.505994e+01
     5 5.507875e+01
     5 5.508815e+01
     5 5.509755e+01
     5 5.510695e+01
     5 5.515395e+01
     5 5.516335e+01
     5 5.529493e+01
     5 5.531373e+01
     5 5.532313e+01
     5 5.533252e+01
     5 5.541709e+01
     5 5.542649e+01
     5 5.543588e+01
     5 5.547346e+01
     5 5.548286e+01
     5 5.552043e+01
     5 5.552983e+01
     5 5.553922e+01
     5 5.554861e+01
     5 5.555801e+01
     5 5.556740e+01
     5 5.557679e+01
