     2 3.609334e+01
     2 3.610293e+01
     2 3.611252e+01
     2 3.612210e+01
     2 3.613169e+01
     2 3.620840e+01
     2 3.640972e+01
     2 3.649600e+01
     2 3.650558e+01
     2 3.660144e+01
     2 3.661103e+01
     2 3.662061e+01
     2 3.663020e+01
     2 3.663978e+01
     2 3.667818e+01
     2 3.668776e+01
     2 3.669735e+01
     2 3.670694e+01
     2 3.671652e+01
     2 3.672610e+01
     2 3.680278e+01
     2 3.681236e+01
     2 3.682195e+01
     2 3.683153e+01
     2 3.717652e+01
     2 3.718610e+01
     2 3.734898e+01
     2 3.736814e+01
     2 3.737773e+01
     2 3.749269e+01
     2 3.751185e+01
     2 3.754059e+01
     2 3.760765e+01
     2 3.761723e+01
     2 3.764597e+01
     2 3.765554e+01
     2 3.766512e+01
     2 3.776091e+01
     2 3.777049e+01
     2 3.779922e+01
     2 3.780880e+01
     2 3.782796e+01
     2 3.783754e+01
     2 3.785669e+01
     2 3.786627e+01
     2 3.787585e+01
     2 3.788543e+01
     2 3.789500e+01
     2 3.790458e+01
     2 3.802909e+01
     2 3.803866e+01
     2 3.812485e+01
     2 3.813443e+01
     2 3.818231e+01
     2 3.819188e+01
     2 3.820146e+01
     2 3.822061e+01
     2 3.823019e+01
     2 3.823976e+01
     2 3.824934e+01
     2 3.847913e+01
     2 3.848870e+01
     2 3.850785e+01
     2 3.851743e+01
     2 3.855572e+01
     2 3.858444e+01
     2 3.862274e+01
     2 3.864188e+01
     2 3.869932e+01
     2 3.870889e+01
     2 3.871846e+01
     2 3.872804e+01
     2 3.873761e+01
     2 3.876633e+01
     2 3.877590e+01
     2 3.879504e+01
     2 3.880462e+01
     2 3.882376e+01
     2 3.883333e+01
     2 3.884290e+01
     2 3.885247e+01
     2 3.886205e+01
     2 3.887162e+01
     2 3.888119e+01
     2 3.889076e+01
     2 3.890033e+01
     2 3.890990e+01
     2 3.891948e+01
     2 3.893862e+01
     2 3.894819e+01
     2 3.895776e+01
     2 3.897690e+01
     2 3.898647e+01
     2 3.899604e+01
     2 3.900562e+01
     2 3.901518e+01
     2 3.904390e+01
     2 3.905347e+01
     2 3.906304e+01
     2 3.915874e+01
     2 3.916831e+01
     2 3.917788e+01
     2 3.918745e+01
     2 3.919701e+01
     2 3.920658e+01
     2 3.921615e+01
     2 3.924486e+01
     2 3.925443e+01
     2 3.926400e+01
     2 3.927357e+01
     2 3.928314e+01
     2 3.929271e+01
     2 3.930228e+01
     2 3.964671e+01
     2 3.966584e+01
     2 3.967541e+01
     2 3.972324e+01
     2 3.978064e+01
     2 3.979020e+01
     2 3.979977e+01
     2 3.981890e+01
     2 3.986672e+01
     2 3.987629e+01
     2 3.988585e+01
     2 3.989542e+01
     2 3.990498e+01
     2 3.992411e+01
     2 3.993368e+01
     2 4.037352e+01
     2 4.038308e+01
     2 4.064122e+01
     2 4.066990e+01
     2 4.074637e+01
     2 4.075593e+01
     2 4.080372e+01
     2 4.085152e+01
     2 4.086107e+01
     2 4.088019e+01
     2 4.088975e+01
     2 4.089931e+01
     2 4.093754e+01
     2 4.094709e+01
     2 4.100444e+01
     2 4.106178e+01
     2 4.107134e+01
     2 4.111912e+01
     2 4.116690e+01
     2 4.117646e+01
     2 4.118601e+01
     2 4.138667e+01
     2 4.141533e+01
     2 4.142489e+01
     2 4.172103e+01
     2 4.173058e+01
     2 4.179745e+01
     2 4.180700e+01
     2 4.188340e+01
     2 4.192161e+01
     2 4.197891e+01
     2 4.203621e+01
     2 4.204576e+01
     2 4.213176e+01
     2 4.226544e+01
     2 4.227499e+01
     2 4.228453e+01
     2 4.310537e+01
     2 4.311491e+01
     2 4.312445e+01
     2 4.314353e+01
     2 4.360141e+01
     2 4.361095e+01
     2 4.362049e+01
     2 4.363002e+01
     2 4.363956e+01
     2 4.385889e+01
     2 4.386843e+01
     2 4.390651e+01
     2 4.391604e+01
     2 4.392558e+01
     2 4.393511e+01
     2 4.394464e+01
     2 4.395418e+01
     2 4.396371e+01
     2 4.397325e+01
     2 4.398278e+01
     2 4.423064e+01
     2 4.424018e+01
     2 4.424971e+01
     2 4.425924e+01
     2 4.466904e+01
     2 4.542152e+01
     2 4.543104e+01
     2 4.550721e+01
     2 4.551673e+01
     2 4.554529e+01
     2 4.556433e+01
     2 4.562146e+01
     2 4.566911e+01
     2 4.567863e+01
     2 4.572623e+01
     2 4.573574e+01
     2 4.578334e+01
     2 4.579286e+01
     2 4.580238e+01
     2 4.581189e+01
     2 4.582141e+01
     2 4.584045e+01
     2 4.584997e+01
     2 4.585949e+01
     2 4.734314e+01
     2 4.736215e+01
     2 4.737165e+01
     2 4.743817e+01
     2 4.744761e+01
     2 4.745712e+01
     2 4.746662e+01
     2 4.747612e+01
     2 4.748562e+01
     2 4.749512e+01
     2 4.750463e+01
     2 4.762814e+01
     2 4.763764e+01
     2 4.764714e+01
     2 4.767564e+01
     2 4.768514e+01
     2 4.776114e+01
     2 4.777064e+01
     2 4.778963e+01
     2 4.786562e+01
     2 4.790361e+01
     2 4.791311e+01
     2 4.792261e+01
     2 4.794160e+01
     2 4.819799e+01
     2 4.825496e+01
     2 4.839735e+01
     2 4.840684e+01
     2 4.867258e+01
     2 4.870105e+01
     2 4.878645e+01
     2 4.879594e+01
     2 4.880542e+01
     2 4.881491e+01
     2 4.890030e+01
     2 4.892876e+01
     2 4.896671e+01
     2 4.911847e+01
     2 4.934612e+01
     2 4.960209e+01
     2 4.962105e+01
     2 4.963053e+01
     2 4.971583e+01
     2 4.972531e+01
     2 4.973478e+01
     2 4.974426e+01
     2 4.975374e+01
     2 4.976321e+01
     2 4.977269e+01
     2 4.978217e+01
     2 4.982955e+01
     2 4.986745e+01
     2 4.987693e+01
     2 4.988641e+01
     2 4.989588e+01
     2 4.993378e+01
     2 5.000010e+01
     2 5.002853e+01
     2 5.003800e+01
     2 5.004747e+01
     2 5.005695e+01
     2 5.006642e+01
     2 5.011378e+01
     2 5.012326e+01
     2 5.359143e+01
     2 5.360086e+01
     2 5.361028e+01
     2 5.361971e+01
     2 5.364798e+01
