     3 3.910132e+01
     3 3.911089e+01
     3 3.931184e+01
     3 3.932141e+01
     3 3.939796e+01
     3 3.940753e+01
     3 3.941710e+01
     3 3.942667e+01
     3 3.945537e+01
     3 3.946494e+01
     3 3.949364e+01
     3 3.952234e+01
     3 3.953191e+01
     3 3.954148e+01
     3 3.955104e+01
     3 3.960844e+01
     3 3.961801e+01
     3 3.962758e+01
     3 3.965628e+01
     3 3.968497e+01
     3 3.969454e+01
     3 3.973281e+01
     3 3.974237e+01
     3 3.975194e+01
     3 3.994324e+01
     3 4.000063e+01
     3 4.001019e+01
     3 4.001976e+01
     3 4.002932e+01
     3 4.003888e+01
     3 4.004845e+01
     3 4.005801e+01
     3 4.006757e+01
     3 4.007714e+01
     3 4.008670e+01
     3 4.009626e+01
     3 4.013452e+01
     3 4.014408e+01
     3 4.017277e+01
     3 4.018233e+01
     3 4.019190e+01
     3 4.020146e+01
     3 4.021102e+01
     3 4.023971e+01
     3 4.024927e+01
     3 4.028752e+01
     3 4.029702e+01
     3 4.030659e+01
     3 4.031615e+01
     3 4.032571e+01
     3 4.034483e+01
     3 4.035440e+01
     3 4.036396e+01
     3 4.071769e+01
     3 4.087063e+01
     3 4.092798e+01
     3 4.095665e+01
     3 4.096621e+01
     3 4.097577e+01
     3 4.098532e+01
     3 4.099488e+01
     3 4.104267e+01
     3 4.115734e+01
     3 4.119557e+01
     3 4.122424e+01
     3 4.123379e+01
     3 4.124335e+01
     3 4.125290e+01
     3 4.126245e+01
     3 4.127201e+01
     3 4.128157e+01
     3 4.129112e+01
     3 4.130068e+01
     3 4.131023e+01
     3 4.135801e+01
     3 4.136756e+01
     3 4.137712e+01
     3 4.143444e+01
     3 4.144400e+01
     3 4.145355e+01
     3 4.148221e+01
     3 4.149176e+01
     3 4.150132e+01
     3 4.152042e+01
     3 4.152998e+01
     3 4.153953e+01
     3 4.164462e+01
     3 4.165417e+01
     3 4.166372e+01
     3 4.169238e+01
     3 4.170193e+01
     3 4.174014e+01
     3 4.174969e+01
     3 4.178790e+01
     3 4.181655e+01
     3 4.190251e+01
     3 4.191206e+01
     3 4.193116e+01
     3 4.198846e+01
     3 4.199801e+01
     3 4.200756e+01
     3 4.201711e+01
     3 4.208401e+01
     3 4.211266e+01
     3 4.229408e+01
     3 4.230363e+01
     3 4.232272e+01
     3 4.233227e+01
     3 4.234182e+01
     3 4.239910e+01
     3 4.241819e+01
     3 4.243729e+01
     3 4.244683e+01
     3 4.245638e+01
     3 4.251366e+01
     3 4.252320e+01
     3 4.253275e+01
     3 4.257093e+01
     3 4.258048e+01
     3 4.259002e+01
     3 4.259957e+01
     3 4.260912e+01
     3 4.261866e+01
     3 4.262820e+01
     3 4.263775e+01
     3 4.264729e+01
     3 4.265684e+01
     3 4.266639e+01
     3 4.267593e+01
     3 4.272365e+01
     3 4.273320e+01
     3 4.276183e+01
     3 4.277137e+01
     3 4.278092e+01
     3 4.279046e+01
     3 4.280000e+01
     3 4.280955e+01
     3 4.282864e+01
     3 4.283818e+01
     3 4.284772e+01
     3 4.285727e+01
     3 4.289544e+01
     3 4.290498e+01
     3 4.291452e+01
     3 4.292406e+01
     3 4.293361e+01
     3 4.294315e+01
     3 4.295269e+01
     3 4.296224e+01
     3 4.297178e+01
     3 4.298132e+01
     3 4.299086e+01
     3 4.302903e+01
     3 4.303857e+01
     3 4.308628e+01
     3 4.309583e+01
     3 4.328664e+01
     3 4.329618e+01
     3 4.330572e+01
     3 4.333434e+01
     3 4.336295e+01
     3 4.342973e+01
     3 4.403999e+01
     3 4.404952e+01
     3 4.769464e+01
     3 4.774214e+01
     3 4.795110e+01
     3 4.797959e+01
     3 4.829293e+01
     3 4.841634e+01
     3 4.853023e+01
     3 4.853972e+01
     3 4.858718e+01
     3 4.864412e+01
     3 4.872003e+01
     3 4.890979e+01
     3 4.922279e+01
     3 4.923227e+01
     3 4.970635e+01
     3 4.994326e+01
     3 5.252538e+01
     3 5.287468e+01
     3 5.292186e+01
     3 5.293129e+01
     3 5.303508e+01
     3 5.304451e+01
     3 5.310111e+01
     3 5.311054e+01
     3 5.311998e+01
     3 5.314827e+01
     3 5.321429e+01
     3 5.322372e+01
     3 5.325202e+01
     3 5.328031e+01
     3 5.331803e+01
     3 5.336518e+01
     3 5.339346e+01
     3 5.342175e+01
     3 5.343118e+01
     3 5.347831e+01
     3 5.348774e+01
     3 5.349717e+01
     3 5.350660e+01
     3 5.352545e+01
     3 5.353487e+01
     3 5.354430e+01
     3 5.370453e+01
     3 5.519155e+01
     3 5.520095e+01
     3 5.521035e+01
     3 5.525734e+01
     3 5.530433e+01
     3 5.536071e+01
     3 5.537011e+01
     3 5.544528e+01
     3 5.546407e+01
