     3 3.962758e+01
     3 4.017277e+01
     3 4.018233e+01
     3 4.019190e+01
     3 4.020146e+01
     3 4.021102e+01
     3 4.023971e+01
     3 4.024927e+01
     3 4.076549e+01
     3 4.081328e+01
     3 4.087063e+01
     3 4.092798e+01
     3 4.095665e+01
     3 4.096621e+01
     3 4.104267e+01
     3 4.110956e+01
     3 4.113823e+01
     3 4.114779e+01
     3 4.115734e+01
     3 4.119557e+01
     3 4.122424e+01
     3 4.123379e+01
     3 4.124335e+01
     3 4.125290e+01
     3 4.126245e+01
     3 4.127201e+01
     3 4.128157e+01
     3 4.129112e+01
     3 4.130068e+01
     3 4.131023e+01
     3 4.135801e+01
     3 4.136756e+01
     3 4.137712e+01
     3 4.143444e+01
     3 4.144400e+01
     3 4.145355e+01
     3 4.148221e+01
     3 4.149176e+01
     3 4.150132e+01
     3 4.152042e+01
     3 4.152998e+01
     3 4.153953e+01
     3 4.154908e+01
     3 4.158730e+01
     3 4.159685e+01
     3 4.162551e+01
     3 4.163506e+01
     3 4.164462e+01
     3 4.165417e+01
     3 4.166372e+01
     3 4.169238e+01
     3 4.170193e+01
     3 4.171148e+01
     3 4.174014e+01
     3 4.174969e+01
     3 4.193116e+01
     3 4.198846e+01
     3 4.199801e+01
     3 4.200756e+01
     3 4.208401e+01
     3 4.209356e+01
     3 4.210311e+01
     3 4.211266e+01
     3 4.214131e+01
     3 4.215086e+01
     3 4.216041e+01
     3 4.216996e+01
     3 4.264729e+01
     3 4.265684e+01
     3 4.285727e+01
     3 4.289544e+01
     3 4.290498e+01
     3 4.291452e+01
     3 4.292406e+01
     3 4.293361e+01
     3 4.330572e+01
     3 4.331526e+01
     3 4.332479e+01
     3 4.335342e+01
     3 4.336295e+01
     3 4.337249e+01
     3 4.343927e+01
     3 4.932716e+01
     3 4.953574e+01
     3 4.954522e+01
     3 4.958313e+01
     3 4.961157e+01
     3 5.000958e+01
     3 5.001905e+01
     3 5.014220e+01
     3 5.016115e+01
     3 5.017062e+01
     3 5.018009e+01
     3 5.291242e+01
     3 5.292186e+01
     3 5.293129e+01
     3 5.294073e+01
     3 5.296903e+01
     3 5.297847e+01
     3 5.298790e+01
     3 5.299734e+01
     3 5.300677e+01
     3 5.301620e+01
     3 5.311054e+01
     3 5.311998e+01
     3 5.312941e+01
     3 5.313884e+01
     3 5.314827e+01
     3 5.315770e+01
     3 5.316714e+01
     3 5.322372e+01
     3 5.325202e+01
     3 5.326145e+01
     3 5.331803e+01
     3 5.335575e+01
     3 5.336518e+01
     3 5.337461e+01
     3 5.338403e+01
     3 5.509755e+01
     3 5.510695e+01
     3 5.515395e+01
     3 5.516335e+01
     3 5.519155e+01
     3 5.520095e+01
     3 5.521035e+01
     3 5.525734e+01
     3 5.529493e+01
     3 5.530433e+01
     3 5.531373e+01
     3 5.532313e+01
     3 5.533252e+01
     3 5.536071e+01
     3 5.537011e+01
     3 5.541709e+01
     3 5.542649e+01
     3 5.543588e+01
     3 5.544528e+01
     3 5.546407e+01
     3 5.547346e+01
     3 5.548286e+01
     3 5.552043e+01
     3 5.552983e+01
