     4 3.676444e+01
     4 3.770344e+01
     4 3.910132e+01
     4 3.911089e+01
     4 3.931184e+01
     4 3.932141e+01
     4 3.934055e+01
     4 3.935012e+01
     4 3.965628e+01
     4 3.973281e+01
     4 3.974237e+01
     4 3.975194e+01
     4 3.993368e+01
     4 3.994324e+01
     4 4.028752e+01
     4 4.029702e+01
     4 4.030659e+01
     4 4.031615e+01
     4 4.032571e+01
     4 4.034483e+01
     4 4.035440e+01
     4 4.036396e+01
     4 4.071769e+01
     4 4.073681e+01
     4 4.108089e+01
     4 4.190251e+01
     4 4.191206e+01
     4 4.201711e+01
     4 4.202666e+01
     4 4.220815e+01
     4 4.221770e+01
     4 4.239910e+01
     4 4.240865e+01
     4 4.241819e+01
     4 4.243729e+01
     4 4.246593e+01
     4 4.247547e+01
     4 4.248502e+01
     4 4.251366e+01
     4 4.252320e+01
     4 4.253275e+01
     4 4.258048e+01
     4 4.259002e+01
     4 4.259957e+01
     4 4.260912e+01
     4 4.261866e+01
     4 4.262820e+01
     4 4.263775e+01
     4 4.266639e+01
     4 4.267593e+01
     4 4.272365e+01
     4 4.273320e+01
     4 4.276183e+01
     4 4.277137e+01
     4 4.278092e+01
     4 4.294315e+01
     4 4.295269e+01
     4 4.296224e+01
     4 4.302903e+01
     4 4.303857e+01
     4 4.317215e+01
     4 4.318169e+01
     4 4.322940e+01
     4 4.323894e+01
     4 4.324848e+01
     4 4.328664e+01
     4 4.329618e+01
     4 4.333434e+01
     4 4.334388e+01
     4 4.342019e+01
     4 4.342973e+01
     4 4.344880e+01
     4 4.345834e+01
     4 4.346788e+01
     4 4.347742e+01
     4 4.348696e+01
     4 4.349650e+01
     4 4.350603e+01
     4 4.354419e+01
     4 4.355373e+01
     4 4.360141e+01
     4 4.394464e+01
     4 4.404952e+01
     4 4.405906e+01
     4 4.406859e+01
     4 4.407812e+01
     4 4.409719e+01
     4 4.410672e+01
     4 4.411625e+01
     4 4.412579e+01
     4 4.413532e+01
     4 4.582141e+01
     4 4.584045e+01
     4 4.584997e+01
     4 4.585949e+01
     4 4.586900e+01
     4 4.591659e+01
     4 4.592611e+01
     4 4.595466e+01
     4 4.596417e+01
     4 4.597369e+01
     4 4.598321e+01
     4 4.599273e+01
     4 4.600224e+01
     4 4.602127e+01
     4 4.603079e+01
     4 4.604031e+01
     4 4.604982e+01
     4 4.609740e+01
     4 4.610691e+01
     4 4.611643e+01
     4 4.612595e+01
     4 4.613546e+01
     4 4.614497e+01
     4 4.615449e+01
     4 4.616401e+01
     4 4.617352e+01
     4 4.621158e+01
     4 4.622109e+01
     4 4.623061e+01
     4 4.624012e+01
     4 4.626867e+01
     4 4.627818e+01
     4 4.628769e+01
     4 4.629720e+01
     4 4.630672e+01
     4 4.633526e+01
     4 4.634477e+01
     4 4.635429e+01
     4 4.640185e+01
     4 4.641136e+01
     4 4.642088e+01
     4 4.643039e+01
     4 4.643990e+01
     4 4.644941e+01
     4 4.645892e+01
     4 4.646843e+01
     4 4.647795e+01
     4 4.648746e+01
     4 4.653502e+01
     4 4.654453e+01
     4 4.657306e+01
     4 4.658257e+01
     4 4.659208e+01
     4 4.660159e+01
     4 4.661110e+01
     4 4.663964e+01
     4 4.664915e+01
     4 4.665866e+01
     4 4.669670e+01
     4 4.670620e+01
     4 4.671571e+01
     4 4.672522e+01
     4 4.673473e+01
     4 4.674424e+01
     4 4.675375e+01
     4 4.676326e+01
     4 4.677277e+01
     4 4.678228e+01
     4 4.679179e+01
     4 4.682982e+01
     4 4.683933e+01
     4 4.684884e+01
     4 4.685835e+01
     4 4.688687e+01
     4 4.689638e+01
     4 4.690589e+01
     4 4.691539e+01
     4 4.695343e+01
     4 4.696293e+01
     4 4.701047e+01
     4 4.701997e+01
     4 4.702948e+01
     4 4.703899e+01
     4 4.705800e+01
     4 4.706750e+01
     4 4.707701e+01
     4 4.708652e+01
     4 4.709602e+01
     4 4.714355e+01
     4 4.715306e+01
     4 4.716256e+01
     4 4.718157e+01
     4 4.719107e+01
     4 4.720058e+01
     4 4.721009e+01
     4 4.721959e+01
     4 4.725761e+01
     4 4.726711e+01
     4 4.731463e+01
     4 4.732413e+01
     4 4.733364e+01
     4 4.734314e+01
     4 4.738115e+01
     4 4.739066e+01
     4 4.740016e+01
     4 4.743817e+01
     4 4.750463e+01
     4 4.751413e+01
     4 4.752363e+01
     4 4.756163e+01
     4 4.757114e+01
     4 4.758064e+01
     4 4.760914e+01
     4 4.768514e+01
     4 4.769464e+01
     4 4.774214e+01
     4 4.775164e+01
     4 4.777064e+01
     4 4.778963e+01
     4 4.779913e+01
     4 4.780863e+01
     4 4.781813e+01
     4 4.782763e+01
     4 4.787512e+01
     4 4.791311e+01
     4 4.792261e+01
     4 4.793210e+01
     4 4.794160e+01
     4 4.795110e+01
     4 4.797959e+01
     4 4.798909e+01
     4 4.803657e+01
     4 4.804606e+01
     4 4.805556e+01
     4 4.806506e+01
     4 4.807455e+01
     4 4.810304e+01
     4 4.811253e+01
     4 4.812203e+01
     4 4.816001e+01
     4 4.816951e+01
     4 4.817900e+01
     4 4.818850e+01
     4 4.821698e+01
     4 4.822647e+01
     4 4.823597e+01
     4 4.824546e+01
     4 4.829293e+01
     4 4.830242e+01
     4 4.834989e+01
     4 4.835938e+01
     4 4.836887e+01
     4 4.837836e+01
     4 4.841634e+01
     4 4.846379e+01
     4 4.847329e+01
     4 4.848278e+01
     4 4.849227e+01
     4 4.850176e+01
     4 4.851125e+01
     4 4.852074e+01
     4 4.853023e+01
     4 4.853972e+01
     4 4.858718e+01
     4 4.859667e+01
     4 4.860616e+01
     4 4.863462e+01
     4 4.864412e+01
     4 4.865361e+01
     4 4.866309e+01
     4 4.871054e+01
     4 4.872003e+01
     4 4.876747e+01
     4 4.877696e+01
     4 4.880542e+01
     4 4.882440e+01
     4 4.883389e+01
     4 4.888132e+01
     4 4.889081e+01
     4 4.890979e+01
     4 4.893824e+01
     4 4.894773e+01
     4 4.895722e+01
     4 4.900465e+01
     4 4.901413e+01
     4 4.905207e+01
     4 4.906156e+01
     4 4.907104e+01
     4 4.908053e+01
     4 4.909002e+01
     4 4.910898e+01
     4 4.912795e+01
     4 4.913744e+01
     4 4.918486e+01
     4 4.919434e+01
     4 4.920382e+01
     4 4.921331e+01
     4 4.922279e+01
     4 4.923227e+01
     4 4.924176e+01
     4 4.925124e+01
     4 4.926072e+01
     4 4.930819e+01
     4 4.931768e+01
     4 4.935560e+01
     4 4.936509e+01
     4 4.937457e+01
     4 4.942197e+01
     4 4.943145e+01
     4 4.945990e+01
     4 4.946938e+01
     4 4.947886e+01
     4 4.948834e+01
     4 4.949782e+01
     4 4.952626e+01
     4 4.959261e+01
     4 4.964001e+01
     4 4.964948e+01
     4 4.965896e+01
     4 4.966844e+01
     4 4.970635e+01
     4 4.975374e+01
     4 4.982008e+01
     4 4.982955e+01
     4 4.983903e+01
     4 4.990536e+01
     4 4.994326e+01
     4 5.013273e+01
     4 5.018956e+01
     4 5.022745e+01
     4 5.023692e+01
     4 5.024640e+01
     4 5.027481e+01
     4 5.028428e+01
     4 5.029375e+01
     4 5.030322e+01
     4 5.031269e+01
     4 5.034110e+01
     4 5.035057e+01
     4 5.039792e+01
     4 5.040739e+01
     4 5.041685e+01
     4 5.042633e+01
     4 5.044526e+01
     4 5.045473e+01
     4 5.046420e+01
     4 5.047367e+01
     4 5.052101e+01
     4 5.053048e+01
     4 5.053994e+01
     4 5.054941e+01
     4 5.055888e+01
     4 5.056835e+01
     4 5.057782e+01
     4 5.058728e+01
     4 5.059675e+01
     4 5.060622e+01
     4 5.064408e+01
     4 5.065355e+01
     4 5.066301e+01
     4 5.068195e+01
     4 5.069141e+01
     4 5.070088e+01
     4 5.071034e+01
     4 5.075767e+01
     4 5.076714e+01
     4 5.079553e+01
     4 5.080499e+01
     4 5.081446e+01
     4 5.082392e+01
     4 5.083339e+01
     4 5.084285e+01
     4 5.086177e+01
     4 5.087124e+01
     4 5.088070e+01
     4 5.091856e+01
     4 5.092802e+01
     4 5.093748e+01
     4 5.094694e+01
     4 5.095641e+01
     4 5.097533e+01
     4 5.098479e+01
     4 5.099426e+01
     4 5.100372e+01
     4 5.104156e+01
     4 5.105102e+01
     4 5.106042e+01
     4 5.106989e+01
     4 5.107935e+01
     4 5.108881e+01
     4 5.109827e+01
     4 5.110773e+01
     4 5.115503e+01
     4 5.116449e+01
     4 5.117395e+01
     4 5.120233e+01
     4 5.121179e+01
     4 5.122124e+01
     4 5.123071e+01
     4 5.124016e+01
     4 5.126854e+01
     4 5.127800e+01
     4 5.128746e+01
     4 5.131583e+01
     4 5.132529e+01
     4 5.133474e+01
     4 5.134420e+01
     4 5.135366e+01
     4 5.137257e+01
     4 5.138203e+01
     4 5.139149e+01
     4 5.140094e+01
     4 5.143877e+01
     4 5.144823e+01
     4 5.145768e+01
     4 5.146714e+01
     4 5.147659e+01
     4 5.149550e+01
     4 5.150496e+01
     4 5.151442e+01
     4 5.152387e+01
     4 5.156169e+01
     4 5.157114e+01
     4 5.158060e+01
     4 5.159951e+01
     4 5.160896e+01
     4 5.161841e+01
     4 5.162787e+01
     4 5.163732e+01
     4 5.167513e+01
     4 5.168459e+01
     4 5.172240e+01
     4 5.173185e+01
     4 5.174130e+01
     4 5.175076e+01
     4 5.177911e+01
     4 5.178856e+01
     4 5.179801e+01
     4 5.184527e+01
     4 5.185472e+01
     4 5.186417e+01
     4 5.187362e+01
     4 5.188307e+01
     4 5.189252e+01
     4 5.190197e+01
     4 5.191142e+01
     4 5.192087e+01
     4 5.195867e+01
     4 5.196812e+01
     4 5.197757e+01
     4 5.198701e+01
     4 5.199646e+01
     4 5.200591e+01
     4 5.201536e+01
     4 5.202481e+01
     4 5.203426e+01
     4 5.208150e+01
     4 5.209094e+01
     4 5.211929e+01
     4 5.212873e+01
     4 5.213818e+01
     4 5.214762e+01
     4 5.219485e+01
     4 5.224208e+01
     4 5.225153e+01
     4 5.226097e+01
     4 5.227042e+01
     4 5.228931e+01
     4 5.229875e+01
     4 5.230820e+01
     4 5.235542e+01
     4 5.236486e+01
     4 5.237431e+01
     4 5.238375e+01
     4 5.239319e+01
     4 5.240263e+01
     4 5.241208e+01
     4 5.242152e+01
     4 5.246873e+01
     4 5.247818e+01
     4 5.248762e+01
     4 5.249706e+01
     4 5.250650e+01
     4 5.251594e+01
     4 5.252538e+01
     4 5.253482e+01
     4 5.259147e+01
     4 5.260091e+01
     4 5.261035e+01
     4 5.262923e+01
     4 5.263867e+01
     4 5.264811e+01
     4 5.265755e+01
     4 5.270474e+01
     4 5.274250e+01
     4 5.275193e+01
     4 5.276137e+01
     4 5.277081e+01
     4 5.278025e+01
     4 5.280856e+01
     4 5.281800e+01
     4 5.286524e+01
     4 5.287468e+01
     4 5.288411e+01
     4 5.289355e+01
     4 5.302564e+01
     4 5.303508e+01
     4 5.304451e+01
     4 5.305394e+01
     4 5.309167e+01
     4 5.310111e+01
     4 5.321429e+01
     4 5.339346e+01
     4 5.349717e+01
     4 5.350660e+01
     4 5.352545e+01
     4 5.353487e+01
     4 5.354430e+01
     4 5.362913e+01
     4 5.363856e+01
     4 5.365741e+01
     4 5.366683e+01
     4 5.372338e+01
     4 5.373280e+01
     4 5.374222e+01
     4 5.375165e+01
     4 5.376107e+01
     4 5.377049e+01
     4 5.382703e+01
     4 5.383645e+01
     4 5.386471e+01
     4 5.387413e+01
     4 5.388356e+01
     4 5.389297e+01
     4 5.393066e+01
     4 5.396834e+01
     4 5.397776e+01
     4 5.398718e+01
     4 5.399660e+01
     4 5.400602e+01
     4 5.403428e+01
     4 5.404369e+01
     4 5.405311e+01
     4 5.409078e+01
     4 5.410020e+01
     4 5.410962e+01
     4 5.411903e+01
     4 5.413787e+01
     4 5.414729e+01
     4 5.415670e+01
     4 5.421320e+01
     4 5.422262e+01
     4 5.423203e+01
     4 5.424145e+01
     4 5.425086e+01
     4 5.426028e+01
     4 5.426970e+01
     4 5.431676e+01
     4 5.432618e+01
     4 5.433559e+01
     4 5.434501e+01
     4 5.435442e+01
     4 5.436383e+01
     4 5.437325e+01
     4 5.438266e+01
     4 5.442973e+01
     4 5.443914e+01
     4 5.444855e+01
     4 5.447678e+01
     4 5.448619e+01
     4 5.449561e+01
     4 5.450502e+01
     4 5.454266e+01
     4 5.455207e+01
     4 5.458030e+01
     4 5.458971e+01
     4 5.459906e+01
     4 5.460847e+01
     4 5.464611e+01
     4 5.465552e+01
     4 5.470256e+01
     4 5.471197e+01
     4 5.472137e+01
     4 5.473078e+01
     4 5.474960e+01
     4 5.475900e+01
     4 5.480603e+01
     4 5.481544e+01
     4 5.482485e+01
     4 5.483425e+01
     4 5.485307e+01
     4 5.486247e+01
     4 5.487188e+01
     4 5.488128e+01
     4 5.492830e+01
     4 5.493771e+01
     4 5.494711e+01
     4 5.495651e+01
     4 5.496592e+01
     4 5.497532e+01
     4 5.498472e+01
     4 5.499413e+01
     4 5.503173e+01
     4 5.504114e+01
     4 5.505054e+01
     4 5.505994e+01
     4 5.507875e+01
     4 5.508815e+01
     4 5.553922e+01
     4 5.554861e+01
     4 5.555801e+01
     4 5.556740e+01
     4 5.557679e+01
