     2 3.768428e+01
     2 3.771302e+01
     2 3.822061e+01
     2 3.838339e+01
     2 3.877590e+01
     2 3.939796e+01
     2 3.940753e+01
     2 3.941710e+01
     2 3.942667e+01
     2 3.943623e+01
     2 3.944580e+01
     2 3.945537e+01
     2 3.946494e+01
     2 3.949364e+01
     2 3.951277e+01
     2 3.952234e+01
     2 3.953191e+01
     2 3.954148e+01
     2 3.955104e+01
     2 3.959888e+01
     2 3.960844e+01
     2 3.961801e+01
     2 3.968497e+01
     2 3.969454e+01
     2 3.991455e+01
     2 3.999106e+01
     2 4.000063e+01
     2 4.001019e+01
     2 4.001976e+01
     2 4.002932e+01
     2 4.003888e+01
     2 4.004845e+01
     2 4.005801e+01
     2 4.006757e+01
     2 4.007714e+01
     2 4.008670e+01
     2 4.009626e+01
     2 4.013452e+01
     2 4.014408e+01
     2 4.044045e+01
     2 4.045001e+01
     2 4.045957e+01
     2 4.049781e+01
     2 4.050737e+01
     2 4.051694e+01
     2 4.052650e+01
     2 4.053606e+01
     2 4.055518e+01
     2 4.056474e+01
     2 4.057430e+01
     2 4.058386e+01
     2 4.059342e+01
     2 4.064122e+01
     2 4.066990e+01
     2 4.097577e+01
     2 4.098532e+01
     2 4.099488e+01
     2 4.178790e+01
     2 4.181655e+01
     2 4.185475e+01
     2 4.186430e+01
     2 4.187386e+01
     2 4.227499e+01
     2 4.228453e+01
     2 4.229408e+01
     2 4.230363e+01
     2 4.232272e+01
     2 4.233227e+01
     2 4.234182e+01
     2 4.235136e+01
     2 4.236091e+01
     2 4.244683e+01
     2 4.245638e+01
     2 4.257093e+01
     2 4.279046e+01
     2 4.280000e+01
     2 4.280955e+01
     2 4.282864e+01
     2 4.283818e+01
     2 4.284772e+01
     2 4.297178e+01
     2 4.298132e+01
     2 4.299086e+01
     2 4.308628e+01
     2 4.309583e+01
     2 4.310537e+01
     2 4.311491e+01
     2 4.316261e+01
     2 4.361095e+01
     2 4.362049e+01
     2 4.363002e+01
     2 4.363956e+01
     2 4.364910e+01
     2 4.368724e+01
     2 4.373493e+01
     2 4.378261e+01
     2 4.379214e+01
     2 4.381121e+01
     2 4.382075e+01
     2 4.385889e+01
     2 4.386843e+01
     2 4.390651e+01
     2 4.391604e+01
     2 4.392558e+01
     2 4.393511e+01
     2 4.395418e+01
     2 4.399232e+01
     2 4.403999e+01
     2 4.416392e+01
     2 4.417345e+01
     2 4.418298e+01
     2 4.427831e+01
     2 4.428784e+01
     2 4.429737e+01
     2 4.430690e+01
     2 4.431643e+01
     2 4.441174e+01
     2 4.466904e+01
     2 4.467857e+01
     2 4.468810e+01
     2 4.469762e+01
     2 4.470715e+01
     2 4.478337e+01
     2 4.479290e+01
     2 4.480243e+01
     2 4.485006e+01
     2 4.485959e+01
     2 4.486911e+01
     2 4.487864e+01
     2 4.488817e+01
     2 4.489769e+01
     2 4.490722e+01
     2 4.491675e+01
     2 4.492627e+01
     2 4.493580e+01
     2 4.498343e+01
     2 4.499295e+01
     2 4.500248e+01
     2 4.503106e+01
     2 4.504058e+01
     2 4.510725e+01
     2 4.516440e+01
     2 4.517392e+01
     2 4.518345e+01
     2 4.519297e+01
     2 4.520250e+01
     2 4.521202e+01
     2 4.522154e+01
     2 4.523107e+01
     2 4.524059e+01
     2 4.525011e+01
     2 4.529773e+01
     2 4.530725e+01
     2 4.535486e+01
     2 4.536438e+01
     2 4.537391e+01
     2 4.538343e+01
     2 4.540247e+01
     2 4.541199e+01
     2 4.542152e+01
     2 4.551673e+01
     2 4.552625e+01
     2 4.554529e+01
     2 4.555481e+01
     2 4.556433e+01
     2 4.560241e+01
     2 4.561193e+01
     2 4.562146e+01
     2 4.565001e+01
     2 4.565959e+01
     2 4.566911e+01
     2 4.567863e+01
     2 4.568815e+01
     2 4.571671e+01
     2 4.572623e+01
     2 4.573574e+01
     2 4.578334e+01
     2 4.579286e+01
     2 4.580238e+01
     2 4.581189e+01
     2 4.736215e+01
     2 4.737165e+01
     2 4.744761e+01
     2 4.745712e+01
     2 4.746662e+01
     2 4.747612e+01
     2 4.748562e+01
     2 4.749512e+01
     2 4.761864e+01
     2 4.762814e+01
     2 4.763764e+01
     2 4.764714e+01
     2 4.767564e+01
     2 4.786562e+01
     2 4.879594e+01
     2 4.881491e+01
     2 4.971583e+01
     2 4.972531e+01
     2 4.973478e+01
     2 4.974426e+01
     2 4.978217e+01
     2 5.327088e+01
     2 5.328031e+01
     2 5.342175e+01
     2 5.343118e+01
     2 5.347831e+01
     2 5.348774e+01
     2 5.370453e+01
     2 5.371395e+01
